"","cell1","cell2","cell3","cell4","cell5","cell6"
"spot 1",0.210942777382092,0.34962698371014,0.00161396793438193,0.129900252612353,0.114258961636993,0.19365705672404
"spot 2",0.0669515699813493,0.193447979002388,0.119238041408899,0.0809036785419432,0.529616293707533,0.00984243735788701
"spot 3",0.443210782350698,0.0674870998078398,0.0801962810429997,0.24244035166954,0.0199106190778492,0.146754866051073
"spot 4",0.0199035153014553,0.206949831302834,0.323368206774117,0.221050949274912,0.101961985868948,0.126765511477733
"spot 5",0.0418730655867693,0.0330738371257582,0.225316027819347,0.0690589072204693,0.358761520345711,0.271916641901945
"spot 6",0.539891492107057,0.0355625569070681,0.0515096335785741,0.177503192141271,0.0513479593095809,0.144185165956449
"spot 7",0.0778396252886493,0.261159459291954,0.0901180551322688,0.155388702004585,0.123502946018701,0.291991212263842
"spot 8",0.361673287149964,0.0958993324152302,0.328566980574279,0.0831976744823667,0.075525708445579,0.0551370169325811
"spot 9",0.0660170972433614,0.0796125591492926,0.104031893174174,0.254713268591072,0.487558910622473,0.00806627121962761
"spot 10",0.284964716147898,0.0345114276765512,0.183335044549065,0.39528640246212,0.0307432239908335,0.0711591851735325
"spot 11",0.112603042390125,0.0511233167171084,0.10739299142203,0.50494540776767,0.166921329466223,0.0570139122368437
"spot 12",0.229366934546949,0.0246140159340308,0.12064601096693,0.23292445677273,0.0640578530493517,0.328390728730009
"spot 13",0.00772674494512565,0.514245961772582,0.263563112789056,0.0990090420925723,0.0970456133650248,0.0184095250356383
"spot 14",0.136866992883415,0.0323539781626469,0.122736810395989,0.371581112713862,0.00575352027424428,0.330707585569843
"spot 15",0.176662802925128,0.12892670569446,0.542308335271704,0.0346151222464137,0.073577946453991,0.0439090874083029
"spot 16",0.308636737423511,0.190555023517042,0.0472887597781716,0.00105147441402105,0.266266808752587,0.186201196114667
"spot 17",0.0597117341170543,0.0404741779371595,0.0671948648411604,0.24965871060461,0.284832847835765,0.298127664664251
"spot 18",0.00613100204118202,0.401975730902901,0.305271287410956,0.157641892314876,0.0153511012339787,0.113628986096106
"spot 19",0.241042965613554,0.0746588822407764,0.0952343339294124,0.295415735853074,0.220923975521768,0.0727241068414149
"spot 20",0.294718663801341,0.24248284863474,0.0121131984855668,0.020514123912489,0.00528359108379035,0.424887574082072
"spot 21",0.00238053688671986,0.0984953272858341,0.119802409935772,0.335058507989499,0.187471685232825,0.25679153266935
"spot 22",0.0309453388025119,0.0607280874766334,0.307449061805697,0.113326093439704,0.119283412603707,0.368268005871746
"spot 23",0.0082151486344314,0.0340596262172505,0.145135865274092,0.352995754952678,0.16255111859531,0.297042486326239
"spot 24",0.00238517079202589,0.108656953425499,0.184790654183155,0.219985325452894,0.200478237444602,0.283703658701824
"spot 25",0.00733374439519527,0.0758024390404318,0.236665830393638,0.150253913147383,0.273568392619181,0.256375680404171
"spot 26",0.0515549800108759,0.0968875908766707,0.0313829758717551,0.153640241505167,0.263486920341133,0.403047291394399
"spot 27",0.0315528859741791,0.0447819723223888,0.149125328748479,0.177960506204177,0.173027913041798,0.423551393708978
"spot 28",0.00391653560783447,0.221033054868084,0.141430958929819,0.224062183878669,0.207443316684638,0.202113950030956
"spot 29",0.0379413842067645,0.144578314349066,0.0946644459879687,0.235478293129469,0.203901923038489,0.283435639288243
"spot 30",0.0119630136847578,0.0363970702174178,0.131870675966135,0.196102832434366,0.370835458085618,0.252830949611707
"spot 31",0.0439953553857386,0.0446712805198462,0.221246522834846,0.163988473177878,0.289754626099243,0.236343741982447
"spot 32",0.0200270339475389,0.0468464346426158,0.180565979781289,0.148948876172285,0.147414331486203,0.456197343970068
"spot 33",0.207132717186065,0.373885265679856,0.254285519081501,0.0997730759709894,0.0351215614904252,0.0298018605911633
"spot 34",0.0846206935510161,0.234866858264049,0.35320131307813,0.0842864171304872,0.00623885733708452,0.236785860639233
"spot 35",0.0265026946541279,0.0722053814049337,0.237531624928393,0.231996756053315,0.317530430723663,0.114233112235567
"spot 36",0.0624700055379662,0.206363386533069,0.0976197329593265,0.394387954186799,0.235652911499546,0.00350600928329413
"spot 37",0.0360491080890623,0.61600476325929,0.0319658706049249,0.188261607053958,0.0340598467029288,0.0936588042898364
"spot 38",0.135574995017513,0.368908858170428,0.148764599460095,0.155890985069702,0.057362685585097,0.133497876697165
"spot 39",0.0109936904762297,0.256086198856323,0.0634257387448074,0.159440013552582,0.508274496486093,0.00177986188396394
"spot 40",0.370122558925107,0.030587655210188,0.0273832498763743,0.0361881712304004,0.283398146425338,0.252320218332592
"spot 41",0.175434077408924,0.0228121267741872,0.165766472553859,0.110432782611848,0.34991108726079,0.175643453390392
"spot 42",0.0255216527904899,0.238521303483297,0.132617403023109,0.137277363417235,0.190400287485084,0.275661989800785
"spot 43",0.0999736118939537,0.0570367683125641,0.012731108191713,0.294843308591822,0.270190811688194,0.265224391321753
"spot 44",0.00461746493278532,0.281591191322477,0.0799554166044102,0.135199397125421,0.418057823296601,0.080578706718306
"spot 45",0.107411723634261,0.44648436887685,0.059460160322203,0.16946985103911,0.103365519470452,0.113808376657123
"spot 46",0.281416447118159,0.225109660189321,0.0407654308627869,0.086528340433816,0.174672329844008,0.191507791551909
"spot 47",0.0129186404976447,0.0472013952250471,0.345395546009199,0.151745376577405,0.249495548776649,0.193243492914055
"spot 48",0.135820857359675,0.347808134162243,0.0624281417301473,0.240912165042649,0.0389418730140269,0.174088828691258
"spot 49",0.232717011271945,0.213309245700545,0.0838307954401591,0.311930938494695,0.0717659993777596,0.0864460097148968
"spot 50",0.0385282375631931,0.219043915300971,0.231221678306463,0.41769300964345,0.0161853269606907,0.0773278322252317
"spot 51",0.256080451100254,0.0934393615952782,0.140307199434608,0.323894621104048,0.0941017958425878,0.0921765709232231
"spot 52",0.0574404783891383,0.245826258413365,0.0234400403112535,0.0863505491156104,0.491999741875516,0.0949429318951163
"spot 53",0.0457559527007388,0.0489116834597947,0.074904731718052,0.242008987715658,0.253069266273243,0.335349378132513
"spot 54",0.0141925489916465,0.0925590206872642,0.114160890248827,0.235906092762276,0.229753679508004,0.313427767801982
"spot 55",0.0264316673874921,0.0565843955215605,0.189308062786268,0.212875187011676,0.243239470777084,0.27156121651592
"spot 56",0.0226466263420815,0.0532524922348547,0.0853453306612364,0.29431383712303,0.211429795780107,0.333011917858691
"spot 57",0.0827566945123649,0.0375888424776775,0.136705265870957,0.192892324104145,0.352179843191777,0.197877029843079
"spot 58",0.0362532224484164,0.0782170640475568,0.229441514952422,0.143393977259063,0.17257218346982,0.340122037822721
"spot 59",0.0304031091997557,0.0215816439550948,0.0668070845389674,0.161084480714503,0.380639486623032,0.339484194968648
"spot 60",0.0134122775461595,0.0456730155757155,0.0719928383448358,0.217581606684842,0.305560615401537,0.34577964644691
"spot 61",0.030226541031182,0.0690477552668632,0.163253283410233,0.156608323827135,0.329902921730088,0.250961174734499
"spot 62",0.00191638592780101,0.162457741407713,0.123946487912149,0.139748356347303,0.156460528322191,0.415470500082843
"spot 63",0.00690146160660634,0.0244946313599074,0.105843455399845,0.369108300102444,0.232269186402751,0.261382965128446
"spot 64",0.0149287337092089,0.0709702752022017,0.14662881848703,0.216472822995391,0.284427964297139,0.26657138530903
"spot 65",0.104368898542265,0.286555963657177,0.262826487017432,0.227926599551046,0.0174134333782857,0.100908617853795
"spot 66",0.10474480907015,0.0691463313564519,0.138966174413322,0.303865838618489,0.319528810063418,0.0637480364781695
"spot 67",0.00532753445781168,0.11843630311103,0.588566454208057,0.112735394696612,0.107192490508085,0.0677418230184036
"spot 68",0.289577776907504,0.0374473898868455,0.270885074666862,0.156480005828251,0.160013018442064,0.0855967342684737
"spot 69",0.148901267308749,0.0514673745904228,0.0662626815482064,0.617400778173913,0.0005513060009177,0.115416592377791
"spot 70",0.0290115873477257,0.178619607590898,0.191266540030324,0.236817074135079,0.235405791707429,0.128879399188545
"spot 71",0.0588054062585978,0.0408819145951844,0.141102833628595,0.113057949208132,0.501998862908619,0.144153033400872
"spot 72",0.128247022824816,0.0270948816144261,0.309143699338955,0.308734199989511,0.0322128349998711,0.194567361232421
"spot 73",0.195771477556562,0.00972605487573339,0.308044941321327,0.0456297870494833,0.19149764328644,0.249330095910454
"spot 74",0.354940855408569,0.226393665707736,0.0389965034817346,0.0455812279028133,0.305058201483179,0.0290295460159682
"spot 75",0.119206818331367,0.218085773517061,0.24952500519864,0.0954777641067999,0.165431263901171,0.15227337494496
"spot 76",0.1375807813809,0.0568211513708359,0.779115948824579,0.00491760365436956,0.0027813921276895,0.0187831226416257
"spot 77",0.287101202558761,0.0713440118561434,0.247285619918012,0.160763102461051,0.00326246953497814,0.230243593671055
"spot 78",0.0615082677404198,0.226887981485029,0.205436561338824,0.189193896783273,0.242488170382404,0.0744851222700501
"spot 79",0.184418454993715,0.462484061368479,0.00776435371421476,0.283813990681053,0.036751188044787,0.0247679511977508
"spot 80",0.0182605005694439,0.0736913168715155,0.455341513911302,0.131604691481251,0.00394838205300733,0.31715359511348
"spot 81",0.0446813663402848,0.377044865252648,0.150548277084366,0.0765774103046954,0.0231555240738301,0.327992556944176
"spot 82",0.144896567337319,0.1554448551158,0.14243406014319,0.10334098278877,0.0259826559208451,0.427900878694076
"spot 83",0.0863911169140782,0.0867124756935753,0.541000682958033,0.0549406274655824,0.179804942480579,0.0511501544881528
"spot 84",0.289497059357042,0.0285437957746843,0.153343464090045,0.349081314520224,0.170966514623112,0.00856785163489293
"spot 85",0.0646540418175812,0.0249297791645061,0.104776885468703,0.312709161232662,0.194013740652689,0.298916391663858
"spot 86",0.0484466896125506,0.126822389879327,0.101135759988467,0.15098365957277,0.241062852568745,0.33154864837814
"spot 87",0.00260269575834912,0.0807498446438775,0.0989254760170292,0.156199187804341,0.298516396575252,0.363006399201151
"spot 88",0.089976298256258,0.102371393710553,0.220859149950613,0.152337588719497,0.138866840396938,0.295588728966141
"spot 89",0.00225875465272852,0.0744859838514535,0.13843839311484,0.0868839516015607,0.348657751247073,0.349275165532344
"spot 90",0.0698333104722795,0.033555428671201,0.160727412372597,0.252183630577013,0.232167357232455,0.251532860674454
"spot 91",0.0465600223915881,0.0499632783822126,0.0598260810343412,0.0713321543952724,0.360751813894598,0.411566649901987
"spot 92",0.0208397766755016,0.0920756218119338,0.0958755439208069,0.198237920056432,0.156113066383993,0.436858071151333
"spot 93",0.00448988534038852,0.15907991213017,0.08105863072075,0.0526356192464642,0.396273416113026,0.306462536449201
"spot 94",0.0107332784048754,0.0683695376461179,0.0801048913808645,0.244739337262753,0.279702203429787,0.316350751875602
"spot 95",0.020398782469774,0.110673793739332,0.133047762239879,0.222542949133836,0.177098814073476,0.336237898343703
"spot 96",0.0124249186695418,0.0467446646979731,0.100771803882921,0.306581131495207,0.198922044260125,0.334555436994232
"spot 97",0.101179732405466,0.158539900249835,0.216059085350991,0.269174170571968,0.127390173062042,0.127656938359698
"spot 98",0.34056896519108,0.178364999078697,0.0653505141031261,0.171902926541429,0.0612591780464337,0.182553417039234
"spot 99",0.292900520516615,0.0843551675787301,0.397490394357084,0.0416804875602103,0.147369522474871,0.03620390751249
"spot 100",0.0265719431512921,0.148847018907581,0.185749326433721,0.165137280279819,0.324770123226554,0.148924308001032
"spot 101",0.266268759005416,0.019751886511883,0.0312200553179212,0.0203508738260511,0.169874399935144,0.492534025403585
"spot 102",0.356739776659018,0.111580822058354,0.108419116418611,0.236026387800813,0.138348440592261,0.048885456470943
"spot 103",0.208180587848264,0.5555153564488,0.13116127999729,0.0681574345682,0.0336714893494294,0.00331385178801647
"spot 104",0.312214108582104,0.135458285749084,0.11555132371486,0.0430431848443527,0.030642870765401,0.363090226344198
"spot 105",0.0106629071797223,0.255466759195584,0.144207564619285,0.260193850623324,0.128711201515373,0.200757716866711
"spot 106",0.0128035354102934,0.560762689555492,0.00768925113079828,0.0425188662692821,0.322670577099194,0.0535550805349401
"spot 107",0.135629840101347,0.0875919186602015,0.314990598775664,0.144384955566155,0.248055993321647,0.069346693574986
"spot 108",0.344465340004396,0.191673794093493,0.0538603091420649,0.203447020754484,0.0614033997229989,0.145150136282563
"spot 109",0.243389131476528,0.229849680750519,0.0247351267470681,0.452066357310538,0.0304914016184481,0.0194683020968986
"spot 110",0.140595613041641,0.187386794813434,0.0955109559548547,0.313873157829423,0.0506560574019111,0.211977420958736
"spot 111",0.0102196674083878,0.0188446451390554,0.416734800665408,0.00884143309250593,0.212574826734198,0.332784626960445
"spot 112",0.327919109349999,0.199864359863769,0.0839290214381474,0.000819643655790601,0.280628462422969,0.106839403269325
"spot 113",0.255282534240583,0.067860707473599,0.121798371942627,0.437375602972809,0.0565078620713411,0.0611749212990412
"spot 114",0.0174906971409891,0.218772779826798,0.00225462590566582,0.140218630314467,0.47637977593742,0.144883490874659
"spot 115",0.167982334006376,0.198439444050712,0.0246045221098516,0.120898821323216,0.472737070059116,0.0153378084507288
"spot 116",0.252232101211254,0.228497328145327,0.148324699586951,0.0340452316237521,0.0525101286864138,0.284390510746302
"spot 117",0.0385124360905678,0.0257907817081349,0.15823326215714,0.230547766154623,0.441439284114069,0.105476469775465
"spot 118",0.017937592449939,0.034023226006362,0.0984352011370729,0.284507779838098,0.231328282347324,0.333767918221205
"spot 119",0.0321865969454939,0.0504694441954556,0.204168011753857,0.220338087023761,0.278628664611439,0.214209195469994
"spot 120",0.0665922878846442,0.0534769315512867,0.206112607492299,0.180921558401241,0.283203278593346,0.209693336077183
"spot 121",0.0222178106662596,0.0500437545113455,0.0474023368692044,0.142661915072715,0.240213878757906,0.497460304122569
"spot 122",0.111430385820131,0.0368063884084449,0.179277943540586,0.141136192062558,0.197724459857913,0.333624630310368
"spot 123",0.0960828693857221,0.0395981480711462,0.172974800108712,0.13637635541011,0.197883632203157,0.357084194821153
"spot 124",0.0688021719965128,0.0477538059104548,0.126451445448493,0.18206744782725,0.281910307998397,0.293014820818892
"spot 125",0.031634981988497,0.0560178041585013,0.127083424202189,0.146664447407841,0.242686538218952,0.395912804024019
"spot 126",0.0234342239108604,0.24070083815433,0.111017943407876,0.202887387489254,0.228036392488917,0.193923214548762
"spot 127",0.0260950412568572,0.0331974556703096,0.204757560330575,0.215197263255779,0.135169352524305,0.385583326962174
"spot 128",0.00581259999926616,0.104321096445281,0.0921748316761073,0.311082394789209,0.259214507903008,0.227394569187129
"spot 129",0.0929312144724765,0.171843121051567,0.0325791332196567,0.221940706837252,0.396988700874879,0.0837171235441681
"spot 130",0.0977400029472454,0.374570348419803,0.183718899503,0.170978975922734,0.0966288435106867,0.0763629296965314
"spot 131",0.0503687333695163,0.291567189153656,0.13309622700976,0.115497481234749,0.20082157310952,0.208648796122798
"spot 132",0.0213266400485874,0.099727232565753,0.00059904080819731,0.619110395744219,0.198121931460003,0.0611147593732403
"spot 133",0.182700839356031,0.0905280999405836,0.0549927557084654,0.0310285007146222,0.291638418907255,0.349111385373042
"spot 134",0.41482926203143,0.0464140563635467,0.328058580399412,0.0564207126638286,0.0760198459309942,0.0782575426107885
"spot 135",0.0290359290053858,0.0778287878299588,0.0287051799067892,0.119919737657987,0.0691211341110309,0.675389231488848
"spot 136",0.0491124896066922,0.609402910346113,0.0552529269145986,0.147516839100869,0.132736824118816,0.0059780099129117
"spot 137",0.0791845353385173,0.154624804651704,0.0522523288563603,0.466654179105408,0.191153228592925,0.0561309234550856
"spot 138",0.0707363162979792,0.0446423791974249,0.110233211167422,0.426686966095498,0.204271255118762,0.143429872122914
"spot 139",0.158313763289829,0.0478600482156979,0.125627095946246,0.00524601124408166,0.601655154884701,0.0612979264194452
"spot 140",0.146859062294687,0.142849084459767,0.11882840739823,0.0654135713166301,0.132113612229192,0.393936262301494
"spot 141",0.0659646370815055,0.236597825481619,0.0841948735351595,0.0138737333186883,0.0309626422444885,0.568406288338539
"spot 142",0.304500696293947,0.217754137815869,0.238423950192597,0.0092645077752355,0.0630595795521921,0.16699712837016
"spot 143",0.140189415005644,0.270565042205609,0.246019570996759,0.0480714845514589,0.283644827984203,0.0115096592563259
"spot 144",0.555063073842355,0.168033576935655,0.0143023983231741,0.0283304747317866,0.128029578586698,0.106240897580332
"spot 145",0.24970857735015,0.0154948067777044,0.116123740560274,0.00513788929666924,0.0779235540560346,0.535611431959168
"spot 146",0.382166495522395,0.210778926461837,0.154665855372327,0.0149300807466221,0.116636481634761,0.120822160262058
"spot 147",0.176266179593634,0.195010398857144,0.0446623864405856,0.0763534151210491,0.369732515575049,0.137975104412539
"spot 148",0.386017799767947,0.27562582653663,0.139428077452072,0.151612051748665,0.0210289467031745,0.0262872977915111
"spot 149",0.0166673455771421,0.0906522713799054,0.209087100659216,0.119381303557786,0.232255028659918,0.331956950166032
"spot 150",0.0535732380066997,0.111298403185146,0.144571533645492,0.175465373558702,0.201180409863042,0.313911041740918
"spot 151",0.036868150822831,0.095637347099018,0.109845697538523,0.260410562606933,0.27541190637589,0.221826335556804
"spot 152",0.0182668225651082,0.112145454700514,0.0282959455327377,0.183184202377008,0.400593591397967,0.257513983426665
"spot 153",0.00942608692683191,0.204442356502234,0.125073790505138,0.157582264220029,0.201695662223588,0.301779839622178
"spot 154",0.016652893667233,0.0510936678950618,0.129475062487076,0.185249148345246,0.344137569931727,0.273391657673656
"spot 155",0.0354946111457147,0.113848577397967,0.152302330294139,0.132029188195338,0.241823036865388,0.324502256101454
"spot 156",0.13021296563522,0.0979350835901924,0.0652162669809672,0.189384583485669,0.323892915935209,0.193358184372742
"spot 157",0.0178559828431675,0.0571365478478583,0.177134210193422,0.0819698927126412,0.237371098423699,0.428532267979212
"spot 158",0.0147412378448686,0.0508182617230161,0.0685510886870909,0.326320244011689,0.272461888441671,0.267107279291664
"spot 159",0.0340988973078466,0.0818238556336611,0.32939681500646,0.175944442663081,0.203680572682174,0.175055416706776
"spot 160",0.0935459750322743,0.00966930003535863,0.126432234045732,0.161034823295224,0.353897221065877,0.255420446525536
"spot 161",0.0504912731965747,0.0481930139927867,0.5019337581113,0.253791961075347,0.0735627465077855,0.0720272471162059
"spot 162",0.0348904478482369,0.363811107393611,0.170371231439508,0.0341841354397213,0.328445176592369,0.0682979012865536
"spot 163",0.153929632876078,0.0255752564473974,0.0835936612395269,0.163704850184963,0.151478338463341,0.421718260788694
"spot 164",0.389483341649791,0.0500765663834197,0.133948343474129,0.175457689510077,0.168237441096019,0.0827966178865642
"spot 165",0.038433780213969,0.120228439896197,0.256416624863913,0.456070856853602,0.0817920579742888,0.0470582401980306
"spot 166",0.103568994648801,0.333795800907903,0.277173924643615,0.127039531298652,0.113580253965995,0.0448414945350338
"spot 167",0.203075168920528,0.173042401089498,0.149507789264212,0.202969217207773,0.14635677538362,0.125048648134369
"spot 168",0.0130743188810844,0.075681611684356,0.159594966880595,0.131153852542992,0.313367756865046,0.307127493145927
"spot 169",0.0963926365526362,0.147231977680526,0.212762943185541,0.278325510070796,0.21053226756609,0.0547546649444121
"spot 170",0.0705269108643175,0.441207773077777,0.129648824851718,0.0745039538025065,0.121192034717342,0.162920502686338
"spot 171",0.0616865935609956,0.0426894600165316,0.472100113680121,0.00501505010310791,0.208595662924247,0.209913119714997
"spot 172",0.0073750689502441,0.0175089815680113,0.289857517567844,0.0588758858959247,0.0858950294909745,0.540487516527001
"spot 173",0.115751768856751,0.0721406051711872,0.200751020635905,0.123967803337122,0.0484912043867427,0.438897597612292
"spot 174",0.177673136218345,0.217674397795759,0.083477706622205,0.215829241941877,0.128324021508695,0.17702149591312
"spot 175",0.257399252097909,0.0237228159814598,0.017925340617015,0.296169768846887,0.0592675987719991,0.34551522368473
"spot 176",0.131883522368408,0.15284368366469,0.399120907777783,0.0661473990424236,0.223827575417195,0.0261769117295013
"spot 177",0.0744936399352717,0.478307078200196,0.0368045948371935,0.0832794279370546,0.281613294310009,0.0455019647802754
"spot 178",0.0946032818878828,0.132048519211938,0.0579993193904172,0.221523734163099,0.0257016970654754,0.468123448281188
"spot 179",0.222378109412547,0.0749810177359778,0.117036949162659,0.0684798292738683,0.164768823780953,0.352355270633995
"spot 180",0.0328668731595186,0.0118662168576149,0.4265625196492,0.0856797470517617,0.198812935656401,0.244211707625504
"spot 181",0.0263380353892997,0.0431011028502747,0.171238475941249,0.278669159930965,0.208299583600371,0.272353642287841
"spot 182",0.0319715389181921,0.0420341170851966,0.212159884429926,0.182831002476447,0.250856811553357,0.280146645536882
"spot 183",0.00212100211380805,0.0772374774203791,0.109627653100222,0.306082901807287,0.187988711708972,0.316942253849332
"spot 184",0.00936932178508696,0.057401818740732,0.13993512190127,0.0883928527424435,0.387063460799193,0.317837424031275
"spot 185",0.011060224382943,0.135376646347763,0.132203381602827,0.234083054698565,0.245776213370281,0.241500479597622
"spot 186",0.0124360806393794,0.072520879212463,0.157493304202505,0.109813623166144,0.204505298560495,0.443230814219013
"spot 187",0.0294713578527088,0.072756536645835,0.112907984441565,0.223219043920307,0.191188427101944,0.370456650037639
"spot 188",0.018794803574187,0.195252470301662,0.111257847194242,0.17317276363859,0.266326056891629,0.235196058399691
"spot 189",0.0263157864032146,0.0682248328101305,0.106440742890542,0.18378150933879,0.418025844942033,0.19721128361529
"spot 190",0.0901227152687916,0.0811917917460195,0.151577286507053,0.119284018826038,0.247597352048972,0.310226835603126
"spot 191",0.0300849030097474,0.0288470796585017,0.0999497554533623,0.0943021588512664,0.350797100974453,0.396019002052669
"spot 192",0.0270142028382823,0.052082861662952,0.121508370896049,0.260846193490836,0.23124917949075,0.30729919162113
"spot 193",0.10607714994171,0.0967940589477759,0.173724725049712,0.000861602516924534,0.590804114060178,0.0317383494836999
"spot 194",0.202132525918047,0.34325499773887,0.0502720695959787,0.168573376968577,0.0190224780234228,0.216744551755105
"spot 195",0.0175318219600912,0.345481543531403,0.0254627776896946,0.143088049063629,0.336224481638309,0.132211326116873
"spot 196",0.422531839962743,0.201821805864039,0.022770743434489,0.0364299798974274,0.249348319931129,0.067097310910172
"spot 197",0.102952158296337,0.0938971888844539,0.0489155333219859,0.499760135951913,0.154475342343006,0.0999996412023038
"spot 198",0.430245300666083,0.0787997976912744,0.000614243074760933,0.0136429683353086,0.0566946479094145,0.420003042323158
"spot 199",0.207793528907511,0.166492131737916,0.101251221050568,0.430539152546845,0.0845208547613996,0.00940311099576095
"spot 200",0.0165879751706727,0.148444167306434,0.196069542166283,0.196672462314139,0.236766776557311,0.20545907648516
"spot 201",0.145013706282,0.0710542241454105,0.0418600238939925,0.35160681602264,0.270996849270218,0.119468380385739
"spot 202",0.297443628530075,0.180136623225883,0.27258281544838,0.11383808995815,0.117869587000736,0.018129255836775
"spot 203",0.652697005342975,0.0474401524089173,0.0824239992220693,0.105854882367719,0.0839201125739697,0.02766384808435
"spot 204",0.17338268648758,0.0560562930868733,0.295598010575018,0.0677389866505652,0.0103399696249931,0.396884053574971
"spot 205",0.280257690779366,0.393517473054614,0.0749298935965905,0.0156046174485654,0.219597774257861,0.0160925508630028
"spot 206",0.198226456237768,0.214829626399086,0.00433214907455617,0.119628013107582,0.244425328663776,0.218558426517232
"spot 207",0.0226467003688695,0.311954137693546,0.466227420813981,0.0565481069580884,0.124973431316905,0.01765020284861
"spot 208",0.0289819054057077,0.00796381402045594,0.131415040872389,0.526731718968306,0.00854536327201291,0.296362157461128
"spot 209",0.280176431314465,0.174141436760816,0.211706046359299,0.0311417687270417,0.287033071663229,0.0158012451751495
"spot 210",0.0760303303132262,0.0144657958376269,0.347331732923022,0.373769144302045,0.187498424317179,0.00090457230690093
"spot 211",0.0269668113678474,0.21110569266704,0.204500542932827,0.439246972710094,0.0197809923469631,0.0983989879752274
"spot 212",0.342625139245868,0.0443676618080204,0.00200596131507821,0.167826945320804,0.164576426132364,0.278597866177866
"spot 213",0.0391862570494731,0.106115173802074,0.0972447715533858,0.171335911231047,0.145551823728373,0.440566062635646
"spot 214",0.0381006682496743,0.0967691682109065,0.171577863327938,0.283359842303156,0.187338677857306,0.22285378005102
"spot 215",0.00913313901031874,0.023873104986637,0.159800351945753,0.217728953546239,0.235604923450378,0.353859527060675
"spot 216",0.0167203655158949,0.103536851019522,0.0733144811575654,0.268020749061663,0.269864601101598,0.268542952143756
"spot 217",0.0143533656166732,0.133345773183063,0.188699750571437,0.190557863308772,0.21106525533114,0.261977991988914
"spot 218",0.0030572870301784,0.100829828988604,0.126653411027145,0.251362491966834,0.296695761562965,0.221401219424273
"spot 219",0.00199034365090793,0.0839851614182984,0.144360236738907,0.150719657082596,0.320770532777959,0.298174068331332
"spot 220",0.0211858578306211,0.0407439708522493,0.146637751436594,0.239990775055469,0.254893127047981,0.296548517777086
"spot 221",0.0236811300950763,0.0131023562236094,0.0726488181188693,0.237588765041838,0.32804896279107,0.324929967729537
"spot 222",0.0412393526675882,0.0639216321679879,0.121546805331204,0.2426621315434,0.228908693290891,0.301721384998929
"spot 223",0.0289685578038032,0.0817129269346435,0.221249305285297,0.19622049094431,0.20701750917543,0.264831209856517
"spot 224",0.00366830243365482,0.125217841544988,0.0568379835439244,0.448744937740999,0.208888307375939,0.156642627360495
"spot 225",0.136927971760037,0.0146245446613425,0.0827271207190726,0.0769872790317911,0.0146035715849475,0.674129512242809
"spot 226",0.10908016156276,0.421469742610718,0.0926933709766643,0.106988974127419,0.0769216175511732,0.192846133171265
"spot 227",0.283852308126072,0.0104675595871516,0.324661483379483,0.0287758566674915,0.260662629138003,0.0915801631017989
"spot 228",0.0876907598787568,0.193786167109069,0.105482484577591,0.169125616280343,0.0897193784656567,0.354195593688583
"spot 229",0.120840962798445,0.114876746769865,0.0537578107425345,0.0911033344538113,0.484571215381349,0.134849929853996
"spot 230",0.0262344598789543,0.189727831434634,0.120930481903212,0.00245754268481726,0.460332937476159,0.200316746622223
"spot 231",0.0413545391141436,0.16529911231747,0.215817030939658,0.173825038459941,0.0321222012630833,0.371582077905704
"spot 232",0.0851979806948234,0.372068369283107,0.17472386052241,0.128824217296232,0.229398671187608,0.0097869010158203
"spot 233",0.0488100397144919,0.0114105625203712,0.423460842510356,0.0716758295449266,0.130811253496191,0.313831472213663
"spot 234",0.175903504971268,0.0777945399392885,0.247355970461269,0.00613241376306925,0.395166798953987,0.0976467719111185
"spot 235",0.0306959991518973,0.00688814071900002,0.168639702379997,0.274398508768111,0.0268008064126495,0.492576842568345
"spot 236",0.247088699044114,0.10638492677507,0.25577267775168,0.0214164918415722,0.0134472434403731,0.35588996114719
"spot 237",0.0854676521097116,0.143928050429554,0.242843036588248,0.23156838904135,0.236315717813753,0.0598771540173833
"spot 238",0.0033281338712343,0.136400999361755,0.105984118265612,0.173095738508126,0.490809003067004,0.090382006926268
"spot 239",0.272631322774042,0.0475919492365739,0.433475005101846,0.0242373701152463,0.000656189107008574,0.221408163665283
"spot 240",0.0358381941320836,0.718314042554606,0.0512009318089726,0.125396039253748,0.0332496248310955,0.0360011674194942
"spot 241",0.134900860962972,0.249422386007066,0.216958814118077,0.116154445186556,0.144052396706759,0.13851109701857
"spot 242",0.0569572024670988,0.558677088481182,0.0968307440754093,0.00849794404705934,0.226976408940961,0.0520606119882891
"spot 243",0.167295845252902,0.205304007095817,0.0106828336561818,0.00144216133624954,0.456319867628887,0.158955285029963
"spot 244",0.0249341198916896,0.114436816026412,0.253451656785524,0.298731038651403,0.251434816301138,0.0570115523438336
"spot 245",0.0221996939557994,0.129239270170303,0.191166418884014,0.143663391682619,0.260980682680809,0.252750542626456
"spot 246",0.0280286045072905,0.0571012934644244,0.112456858920405,0.246690064661687,0.26522532666595,0.290497851780243
"spot 247",0.0747447238279646,0.0992442513855154,0.137694548404952,0.299117390695404,0.210782412850111,0.178416672836054
"spot 248",0.00120633145195616,0.101119731777754,0.154885776757031,0.383259749265747,0.181742757004688,0.177785653742825
"spot 249",0.0176221668303339,0.173228407947312,0.130994879206063,0.0757283125771992,0.292640225809382,0.309786007629711
"spot 250",0.0278110966765181,0.113915157683477,0.0664252830288893,0.163048217624025,0.312937585909202,0.315862659077889
"spot 251",0.0802739191473977,0.0493970452022054,0.231780083527473,0.267730914734643,0.171392451754936,0.199425585633345
"spot 252",0.00133498595191393,0.0735805435076841,0.292487924507958,0.139501756166753,0.193762441675721,0.29933234818997
"spot 253",0.0299801400122584,0.028410237400453,0.0798585818938275,0.190650054174827,0.331574183447351,0.339526803071283
"spot 254",0.129852680348822,0.0548505661893553,0.0890586208427013,0.150896824597522,0.344114408008089,0.23122690001351
"spot 255",0.0224526580772864,0.0795724817660287,0.0953579245017133,0.105956914694309,0.336965297075221,0.359694723885441
"spot 256",0.0270649675482408,0.0860140533065007,0.219585192173059,0.0893550272204991,0.306560765578064,0.271419994173636
"spot 257",0.249093428731992,0.0246470403692963,0.343679982277768,0.0593581027055659,0.0429766273183165,0.280244818597062
"spot 258",0.109480063557258,0.00553270914804708,0.205369794828203,0.522688805471762,0.154831458371505,0.00209716862322444
"spot 259",0.256009774419686,0.206606266305487,0.122883577994803,0.195654859339686,0.0845818196953084,0.134263702245028
"spot 260",0.306348926281893,0.0219980692042845,0.175748633671579,0.000457438694010884,0.34017251490683,0.155274417241402
"spot 261",0.210563151387179,0.184610943821601,0.327577584323623,0.0127743277386458,0.207931491622738,0.0565425011062141
"spot 262",0.293479385136778,0.181330558508909,0.10512770524517,0.0740676893307019,0.104518981059077,0.241475680719365
"spot 263",0.284717108169212,0.130043374556869,0.00293280562928353,0.0469942436109915,0.490922933085733,0.0443895349479104
"spot 264",0.0124021082447258,0.102958953453694,0.0725221235037391,0.0448015439294967,0.565024441121846,0.202290829746498
"spot 265",0.0581205609919169,0.113171778429888,0.0658848247908666,0.221855227672658,0.0667062006083501,0.474261407506321
"spot 266",0.0176376059962781,0.432749893988117,0.0200967095350763,0.0500868523617212,0.449514915475766,0.0299140226430416
"spot 267",0.21503396971331,0.442979713593858,0.0226085611185265,0.0637030148697374,0.200583769306536,0.0550909713980319
"spot 268",0.136389971195954,0.354759319010655,0.117560714396909,0.0150165493507682,0.363222097839979,0.0130513482057351
"spot 269",0.128980862388454,0.183206802739269,0.181459526107996,0.0473327065584282,0.296016890812394,0.163003211393458
"spot 270",0.0397802744671713,0.00291603282648035,0.342005290483623,0.290753657517992,0.0977635966734613,0.226781148031271
"spot 271",0.0345274502414504,0.0390688162562189,0.137303759750932,0.176219293667385,0.363695634125728,0.249185045958286
"spot 272",0.0787149262404399,0.141841645122121,0.0338729122296945,0.212518615603616,0.404810286292046,0.128241614512083
"spot 273",0.101091310023774,0.0893926474298632,0.198222718995229,0.217005750701053,0.17318699135533,0.221100581494749
"spot 274",0.0355744333055919,0.0333899624648624,0.297679754760438,0.226998569443427,0.120635470662867,0.285721809362813
"spot 275",0.00433241008303469,0.306955978263561,0.402045800611407,0.0690233014997795,0.184610175832245,0.0330323337099724
"spot 276",0.268117097487921,0.137978878711776,0.275489123096806,0.036949772626551,0.0871577435870857,0.19430738448986
"spot 277",0.0520023690179348,0.0376648907386421,0.111823579133015,0.20008985536272,0.324055312785936,0.274363992961752
"spot 278",0.0342105260670703,0.111531317531573,0.11585271837499,0.179926400842604,0.26495381661206,0.293525220571703
"spot 279",0.013125502116946,0.0900621087397603,0.177772741300599,0.146110939280602,0.38947412078166,0.183454587780433
"spot 280",0.00699290385196293,0.0309199595977674,0.0629070742752882,0.309339867634675,0.116608318229532,0.473231876410774
"spot 281",0.023986923178203,0.0553279224267934,0.0491501929882626,0.302104438124235,0.248641707447255,0.320788815835251
"spot 282",0.00298282432066506,0.0909784403404037,0.162552104612491,0.293451635769712,0.194913524581417,0.255121470375311
"spot 283",0.00023926523162042,0.0547293078919298,0.170741117425687,0.280612019774735,0.249689929290754,0.243988360385273
"spot 284",0.0464894154239118,0.0606312231406249,0.200787820371446,0.193693938822215,0.170717763831194,0.327679838410609
"spot 285",0.0138618096057005,0.143156064707188,0.0527846180129993,0.253255837190744,0.166938763655565,0.370002906827803
"spot 286",0.0216680295532304,0.0379826717913527,0.12532623309743,0.253723669802274,0.206422124938923,0.35487727081679
"spot 287",0.00267705859246032,0.176168889996043,0.154428545284166,0.19361745548014,0.199702934871164,0.273405115776027
"spot 288",0.0401269300847921,0.0568695982712897,0.13783281640007,0.190279942679108,0.182651846187905,0.392238866376834
"spot 289",0.574619666444796,0.0598357058032672,0.191332557341196,0.00475141461063036,0.0181042541758762,0.151356401624234
"spot 290",0.225581952728927,0.180931902206926,0.00832164739798633,0.0502340715745444,0.402227974744088,0.132702451347528
"spot 291",0.193941679413762,0.209022971308456,0.321859113144756,0.0283946586553016,0.0759570296473182,0.170824547830406
"spot 292",0.0270979297346799,0.303693491237712,0.156420092888543,0.0530095558043041,0.0917550934322091,0.368023836902552
"spot 293",0.222663770470129,0.147199684592688,0.020780426769328,0.203817010924145,0.208390195070441,0.19714891217327
"spot 294",0.188491256525492,0.032491741711223,0.228932315379394,0.170500869700219,0.210738052341841,0.168845764341831
"spot 295",0.251853092723397,0.0544419876528322,0.0434253020974519,0.0773015954010783,0.389005753211503,0.183972268913738
"spot 296",0.448693269977245,0.219033313740371,0.056960255050411,0.109265505276685,0.0903111732006094,0.0757364827546784
"spot 297",0.377404882508374,0.108282175386107,0.310347782812683,0.0805925885546022,0.0779868919294358,0.0453856788087969
"spot 298",0.251357579881568,0.0471983194089069,0.0803981507126656,0.26580071202788,0.166756888793252,0.188488349175727
"spot 299",0.179818776191894,0.0774248173263203,0.434514750528091,0.0675900042528467,0.19722619197137,0.043425459729478
"spot 300",0.353299956183535,0.0546495300731876,0.168233726762202,0.0902788286650498,0.144166181488719,0.189371776827306
"spot 301",0.0277069899131153,0.520606548674861,0.113796134567918,0.163082997671483,0.173777692978338,0.00102963619428419
"spot 302",0.206737563361278,0.295641869665104,0.133183142263521,0.277767819062703,0.0359295904302603,0.0507400152171337
"spot 303",0.00698140576436014,0.183852243678275,0.0892396245910752,0.296813033756306,0.211388459892418,0.211725232317565
"spot 304",0.290235142517474,0.179567751990539,0.155696915991377,0.271873115343286,0.0415239054704835,0.0611031686868402
"spot 305",0.0294240924440522,0.00611056461361096,0.535681853606914,0.229059052691733,0.0960959580896962,0.103628478553993
"spot 306",0.00283410688319607,0.204713396539173,0.0179346491853177,0.238618092644929,0.489933273096716,0.0459664816506684
"spot 307",0.04272975138501,0.0455200629722192,0.415957480677306,0.175104504414155,0.207285328324628,0.113402872226682
"spot 308",0.152946769490003,0.0732564084775451,0.305894293059734,0.224722693617843,0.0229769673038871,0.220202868050987
"spot 309",0.00871583941233093,0.0271906212495131,0.218636659875609,0.171547950163469,0.297346629329169,0.27656229996991
"spot 310",0.0476313088393526,0.0328876353104781,0.160813878030954,0.184643516937496,0.334310133055069,0.239713527826649
"spot 311",0.00123275612540759,0.105568351188782,0.0451223899878105,0.174949665927927,0.252118546321711,0.421008290448361
"spot 312",0.0252595948081577,0.0805322262624336,0.0478797391210989,0.240168367915309,0.215852733169882,0.390307338723118
"spot 313",0.00392185314006414,0.138990884765231,0.0661820283076378,0.261022895562075,0.31230211769749,0.217580220527502
"spot 314",0.038475946510951,0.0666196480806323,0.134484417290459,0.0680428113836839,0.343017430127126,0.349359746607147
"spot 315",0.00356500655895665,0.143863309929074,0.167893080319064,0.197578996793373,0.262122806620182,0.224976799779351
"spot 316",0.0109376028242394,0.0611850339165396,0.111607946925428,0.17511311190427,0.481006704496137,0.160149599933386
"spot 317",0.0425036518273742,0.0670191400182858,0.118316864185084,0.230185191975727,0.205106319596884,0.336868832396644
"spot 318",0.00771122944438755,0.0714551772823022,0.216019576845134,0.281863872471917,0.173802610428627,0.249147533527632
"spot 319",0.0280806552319373,0.129663299682888,0.109517796295401,0.204142670849934,0.197406269832168,0.331189308107672
"spot 320",0.00765795972785232,0.0733723775206747,0.110703081024323,0.298417173436755,0.0964374836001461,0.413411924690248
"spot 321",0.355827975256421,0.481713058869915,0.0116800644674394,0.070021674876291,0.0642646771791523,0.0164925493507809
"spot 322",0.383598471488342,0.0798086304193231,0.0122864865096352,0.270373234267052,0.163036356268513,0.0908968210471359
"spot 323",0.0123237369131663,0.0300261499125568,0.125710066435169,0.43836168110643,0.327154654790688,0.0664237108419894
"spot 324",0.23162503006061,0.188415384044474,0.18010536015977,0.180244492220971,0.0324791131775853,0.187130620336591
"spot 325",0.108652544684125,0.0409709892257266,0.0405850657482494,0.67590542031431,0.133571764408667,0.000314215618921842
"spot 326",0.16645849831649,0.0318650891557469,0.0263132262002955,0.0797838208682787,0.686255454416193,0.00932391104299535
"spot 327",0.247270113891848,0.273622275043043,0.163230739940877,0.06762122972315,0.235363275522954,0.0128923658781272
"spot 328",0.238540916459951,0.160365785039269,0.11207681352394,0.125666782350053,0.328438832957949,0.0349108696688389
"spot 329",0.0547845943901774,0.179118649145049,0.0436883551380337,0.122981955646124,0.139633999716269,0.459792445964347
"spot 330",0.314882530432945,0.0660120581984086,0.346470021392598,0.0196559445470021,0.0893776194298252,0.163601825999222
"spot 331",0.26088995289678,0.216603800829011,0.0870488544601036,0.22998591299888,0.102010086524455,0.10346139229077
