"","cell1","cell2","cell3","cell4","cell5","cell6"
"spot 1",0.00537949888773989,0.0285685163584912,0.532451828005115,0.0917881006308569,0.31933782788789,0.022474228229907
"spot 2",0.0504182412397372,0.26458678960999,0.173786660113538,0.270920940950473,0.210190340262377,0.0300970278238844
"spot 3",0.269612054784745,0.13438816747606,0.0142325934486523,0.0107621788765432,0.461532100058643,0.109472905355357
"spot 4",0.347176245882169,0.185071774307801,0.0503486240419495,0.106332518663315,0.210684203589352,0.100386633515413
"spot 5",0.0380129146958105,0.4915265148762,0.288373765829282,0.0253009694677798,0.076913081863382,0.0798727532675453
"spot 6",0.0848535730280704,0.329232110268646,0.172910761929419,0.048849756489449,0.337512557044355,0.02664124124006
"spot 7",0.179075081284654,0.00151800894541143,0.0765817814797045,0.380885409158339,0.0412343017885242,0.320705417343367
"spot 8",0.119323500314226,0.0569640003526293,0.366429803241928,0.0240631170717461,0.123926025890759,0.309293553128712
"spot 9",0.300508116899024,0.185250879963368,0.236952977665075,0.0696894501621149,0.045759048069425,0.161839527240993
"spot 10",0.102100501632578,0.232777019651868,0.054172893192841,0.122116055340074,0.0720380403739721,0.416795489808667
"spot 11",0.10256439177546,0.466353384159588,0.21408384289145,0.0735758999606462,0.0407115388281099,0.102710942384746
"spot 12",0.401131629467375,0.114297433683605,0.0116010727967364,0.138027225200584,0.182743844277762,0.152198794573939
"spot 13",0.277622522366023,0.0582758916239253,0.436696981308252,0.0310315380174291,0.18336171402106,0.0130113526633097
"spot 14",0.231284384425135,0.119945953498685,0.161347201423463,0.0812253809247462,0.391605848905748,0.0145912308222229
"spot 15",0.0151866439842011,0.238567549279822,0.335457879552017,0.309667512541989,0.0441501317439863,0.0569702828979843
"spot 16",0.0263526764633803,0.0192458904926733,0.18716278217331,0.26004623768444,0.176295117314601,0.330897295871595
"spot 17",0.15158413977216,0.087038902813723,0.122778730401139,0.169080515985853,0.166217266873947,0.303300444153179
"spot 18",0.118051788446155,0.0878899044621061,0.131551136740936,0.123532065244369,0.0214283647930845,0.51754674031335
"spot 19",0.0413356963658346,0.392091499896757,0.0972407616736401,0.0242685881411776,0.407960970576839,0.0371024833457513
"spot 20",0.075624828348149,0.0931709771608852,0.179454854571093,0.0644394077264992,0.287784559458665,0.299525372734708
"spot 21",0.00854229704968919,0.0258685051879991,0.179469680639129,0.321698006088408,0.180594121040134,0.28382738999464
"spot 22",0.00706437983865888,0.0471006977704495,0.123120041070662,0.330264221632991,0.17086494349073,0.321585716196509
"spot 23",0.0377366795571132,0.0634169983397764,0.0634812065706928,0.258581377692148,0.297009040677764,0.279774697162505
"spot 24",0.0100231293326398,0.0953133341131436,0.187495772179992,0.171524060463152,0.330492359984697,0.205151343926375
"spot 25",0.0156616137481811,0.119588366231732,0.10068341401335,0.151615234376975,0.302963144895992,0.309488226733771
"spot 26",0.0709492594478106,0.0208495849177996,0.22750206882567,0.108490948387436,0.138715227729584,0.433492910691699
"spot 27",0.0188281217645346,0.0594347435905809,0.119607184960345,0.196518262505835,0.299216960395673,0.306394726783033
"spot 28",0.0184995302796499,0.0753661445138844,0.110896626137182,0.260146540459212,0.299128282903773,0.235962875706298
"spot 29",0.0077456105651962,0.0874755665462688,0.118163037524974,0.2250952098878,0.328402496863072,0.233118078612689
"spot 30",0.0156344486738983,0.0754750401108522,0.098609142606345,0.18676168386799,0.230969537440906,0.392550147300009
"spot 31",0.0129193006879251,0.14780909312993,0.0360067665103151,0.145811093594839,0.301748846082408,0.355704899994583
"spot 32",0.0175838139779507,0.0543836250562144,0.125402928406037,0.145312500510183,0.27825169664706,0.379065435402554
"spot 33",0.108003972064552,0.0738931735199968,0.0188368759941919,0.0380621432995816,0.650608327876263,0.110595507245415
"spot 34",0.340073978986709,0.28727116128836,0.0933212417976049,0.0673491653629039,0.0953475773506674,0.116636875213755
"spot 35",0.163703202313853,0.252880224874489,0.0893265975063222,0.219380805473076,0.160686981279886,0.114022188552375
"spot 36",0.350861210316121,0.125434126148372,0.088143462297143,0.042654096503064,0.250637788148733,0.142269316586568
"spot 37",0.0632418251907646,0.0241240298455888,0.258090676110435,0.0433522711021161,0.54926460206493,0.0619265956861651
"spot 38",0.0897988615693585,0.139460323124891,0.114284487939672,0.428548977364074,0.159774506702513,0.0681328432994913
"spot 39",0.00855683098917277,0.00376967351150726,0.159382029555195,0.30201674069084,0.218240167233364,0.308034558019922
"spot 40",0.125196975487472,0.425232515063512,0.13578330277842,0.0898745219700589,0.0546534334780987,0.169259251222439
"spot 41",0.437652889638872,0.0335079811108696,0.194866324175939,0.115898370239683,0.205658579672488,0.0124158551621482
"spot 42",0.01252466553039,0.250147491630833,0.363284315374026,0.0604592371268056,0.24976809573179,0.0638161946061551
"spot 43",0.024045095993285,0.174178872173785,0.00919472953864018,0.125486761617562,0.468125989638887,0.198968551037841
"spot 44",0.0800937884435331,0.187156299628429,0.0177408850911485,0.54099442063935,0.0322823143255869,0.141732291871952
"spot 45",0.214935334469196,0.290417871904686,0.00333151315158774,0.400174493148913,0.0554660420278413,0.0356747452977754
"spot 46",0.546515377124621,0.153640086620861,0.148129971266672,0.0634622750159806,0.0493979374569358,0.0388543525149305
"spot 47",0.181106926959533,0.304505515723871,0.172246091615552,0.158743691758558,0.138725341557803,0.0446724323846832
"spot 48",0.354721692912571,0.17216310373943,0.0375864659475501,0.167998317019933,0.0842106725054145,0.183319747875102
"spot 49",0.00727535357446111,0.138575758643247,0.221884911588304,0.579908443083204,0.0023447943727352,0.0500107387380494
"spot 50",0.543408474662712,0.0116592182707376,0.0587665205121969,0.0726546219830841,0.0489434061400346,0.264567758431235
"spot 51",0.0132269607495816,0.359713166501032,0.113360312143134,0.319152542871232,0.0742408057825545,0.120306211952466
"spot 52",0.0536218174697593,0.203575462926377,0.057235286233302,0.114073937498746,0.0205399672975323,0.550953528574283
"spot 53",0.0164128719940041,0.103364793524157,0.0827130324454933,0.22515496375791,0.245806556339418,0.326547781939017
"spot 54",0.0180311932778565,0.10405015521437,0.118765685118935,0.181009127879985,0.356004876001684,0.222138962507169
"spot 55",0.0783855381780122,0.0256793783100765,0.17920104796291,0.279814808833541,0.126862970296362,0.310056256419098
"spot 56",0.0592712911571413,0.0617433476451319,0.103200664964664,0.167613332663401,0.194361321911161,0.4138100416585
"spot 57",0.0331122210493587,0.0366827011625615,0.159338714969465,0.16951091728266,0.282311478457259,0.319043967078696
"spot 58",0.0869494384049314,0.128655854139339,0.150324090527179,0.180768336617442,0.136778042874577,0.316524237436532
"spot 59",0.0179529801428349,0.0253367716999492,0.103747887100372,0.210990462131895,0.278318791339521,0.363653107585428
"spot 60",0.00309095920474473,0.082207783993651,0.166830394971547,0.175620395585597,0.293665440307143,0.278585025937317
"spot 61",0.0161834757504717,0.0994724534791673,0.133170090175456,0.169543583565518,0.239294902437136,0.34233549459225
"spot 62",0.00254921794136996,0.0779260407164805,0.0623473992737469,0.179225309953893,0.243521285575465,0.434430746539044
"spot 63",0.00829472569226808,0.0906016066426514,0.173404525866972,0.239812942569491,0.220273246794914,0.267612952433703
"spot 64",0.00802419895429308,0.100814335054148,0.181174118467855,0.0967665408204093,0.320696896691689,0.292523910011605
"spot 65",0.0241400901051772,0.120329198997836,0.00622958735747638,0.352531973477226,0.0537922118907047,0.44297693817158
"spot 66",0.324518623650124,0.0746337253958918,0.259595390369251,0.01147645808394,0.0710656495747219,0.258710152926072
"spot 67",0.0624016753298943,0.424329209140811,0.14609132192426,0.261233084897361,0.0733390108469827,0.0326056978606899
"spot 68",0.468793203596697,0.166997070690245,0.165418033394601,0.0409492792515875,0.0614669164023176,0.0963754966645527
"spot 69",0.221010877872726,0.296625600446769,0.162022354312374,0.00278316485070705,0.110292769905493,0.207265232611931
"spot 70",0.0156511007902559,0.080767679308819,0.0634488368177934,0.100120964879556,0.354194906362088,0.385816511841487
"spot 71",0.35084709557393,0.186289348628771,0.12074064016085,0.128279550795555,0.113527391512984,0.10031597332791
"spot 72",0.145679908157017,0.0198098243427109,0.0247653863901115,0.531640287435898,0.0121910462925554,0.265913547381707
"spot 73",0.00731518770827462,0.0569782302407882,0.218380986896885,0.392550504778892,0.158451072339344,0.166324018035817
"spot 74",0.264247600952987,0.124524926751876,0.123404466649448,0.262053148512474,0.0675425742997987,0.158227282833416
"spot 75",0.0260319330417564,0.41353312068407,0.280632951627105,0.00260660174804198,0.0400897841413933,0.237105608757634
"spot 76",0.0299695289869349,0.0262936451790655,0.273089602600341,0.363145554885079,0.285051042791843,0.0224506255567365
"spot 77",0.520761210655507,0.0306874270827553,0.159124997882844,0.0914411371350755,0.135371834734147,0.0626133925096722
"spot 78",0.00696631100144911,0.18228264851055,0.432374197614102,0.118216851800673,0.132294477372694,0.127865513700533
"spot 79",0.0502913655259502,0.0278601224405076,0.252497804379472,0.0443333363624319,0.388995984293096,0.236021386998542
"spot 80",0.339097752480678,0.00842792789352075,0.0276165089983713,0.0303423439126881,0.37187742624081,0.222638040473932
"spot 81",0.187612720059605,0.170898935411316,0.0193926600133355,0.314479356241479,0.111447167060244,0.19616916121402
"spot 82",0.349600472022347,0.0422627743403967,0.0379143670657847,0.119350930012083,0.413731444915227,0.0371400116441622
"spot 83",0.121242536450046,0.547653914965881,0.00998555440615567,0.0141776993871251,0.0951481766247022,0.21179211816609
"spot 84",0.000933860131044898,0.498726374439444,0.0392385764030458,0.0889962522812126,0.177393146036227,0.194711790709025
"spot 85",0.0156588916541187,0.102097205393573,0.123899992215573,0.318224920608267,0.229953204615652,0.210165785512816
"spot 86",0.110510067530673,0.0290843550321231,0.159370663220791,0.121609499393081,0.274576091877143,0.304849322946189
"spot 87",0.00721552843537435,0.121936400560746,0.176796631263737,0.18927746749629,0.233712376553103,0.27106159569075
"spot 88",0.0223284305329081,0.101511394575527,0.240940741286653,0.21432181275537,0.200384321667905,0.220513299181637
"spot 89",0.00292572585812419,0.139768286298227,0.029398346233836,0.30424917656973,0.250720662636605,0.272937802403478
"spot 90",0.00286755265551158,0.0398781512746873,0.227877108640372,0.363529900147276,0.253576354075513,0.11227093320664
"spot 91",0.012827854230186,0.108334910812192,0.197892503275755,0.171057759027082,0.307836602785708,0.202050369869077
"spot 92",0.0422071968140971,0.106747597827582,0.126988073206681,0.156412690526843,0.143481344781387,0.42416309684341
"spot 93",0.0173789923073929,0.107001400929129,0.163615998340084,0.0742491994922144,0.336747673246057,0.301006735685123
"spot 94",0.0422882021857292,0.0298473768863962,0.113475178463133,0.287928798113656,0.17396840971035,0.352492034640736
"spot 95",0.00621427905083654,0.138873249231702,0.0936603562191838,0.277772915387472,0.238389592710778,0.245089607400027
"spot 96",0.0282349412575581,0.110411097651036,0.181619871162569,0.114191713369503,0.176336367429612,0.389206009129722
"spot 97",0.013456358119386,0.221249310769715,0.0759504553646182,0.175110730824801,0.251343559554696,0.262889585366784
"spot 98",0.0849001733532424,0.558901047639767,0.0842811090026418,0.145615974356731,0.0525053629225672,0.0737963327250503
"spot 99",0.239608297568942,0.25251586575066,0.291239391628697,0.0335313162913686,0.160876068907599,0.0222290598527328
"spot 100",0.0303132777449412,0.0427081016064891,0.0441717304681226,0.67770994065566,0.0198414002145538,0.185255549310233
"spot 101",0.0310843205941858,0.0949786530370824,0.11270144087809,0.412465413551431,0.226915569516116,0.121854602423095
"spot 102",0.368656928650236,0.0972638775362123,0.30883355247379,0.0357093611601135,0.151363479203871,0.0381728009757771
"spot 103",0.290185601877315,0.219970476001822,0.0853260807297179,0.00276759267504239,0.320696954409772,0.0810532943063304
"spot 104",0.032881785022512,0.493612101206951,0.0562906118902579,0.120275805894063,0.183394542590502,0.113545153395714
"spot 105",0.284218001850809,0.149658581548473,0.00600609716431456,0.425254973703387,0.0100540953355675,0.124808250397449
"spot 106",0.0282770401720215,0.0537882791703341,0.474933005942836,0.310327158270571,0.0718913591078075,0.0607831573364299
"spot 107",0.248555625975053,0.342683678124553,0.0799021626955809,0.151162971194504,0.139566627905035,0.0381289341052745
"spot 108",0.107838126977003,0.100877076100945,0.0829477118687674,0.618466565534619,0.0660612210209421,0.023809298497724
"spot 109",0.0863197771371063,0.262776776987537,0.0617908784190956,0.418055434611405,0.0259671851156288,0.145089947729227
"spot 110",0.0565491733997181,0.265272060424437,0.0392456543594168,0.446349449075192,0.134492052451757,0.0580916102894789
"spot 111",0.543992087664769,0.0342232546411821,0.13947911182194,0.0661179944002934,0.0187434011648777,0.197444150306938
"spot 112",0.456904912837591,0.0163096975994841,0.146693656765654,0.0396830083826376,0.0336098960818726,0.306798828332761
"spot 113",0.0650929673987103,0.185468357361762,0.303142842132676,0.200515682275726,0.1323810627647,0.113399088066426
"spot 114",0.204279132979687,0.0442850313511286,0.0267411505863216,0.398091770002615,0.090758379306231,0.235844535774016
"spot 115",0.0138657593001579,0.080106536714085,0.130653145976901,0.0263711181775234,0.438900516085643,0.31010292374569
"spot 116",0.0524588271416891,0.356668940991357,0.234320671861607,0.0159782206575275,0.263530990089713,0.0770423492581075
"spot 117",0.018483745172456,0.0933654585583197,0.249809146558671,0.0974590481911387,0.162069015064444,0.37881358645497
"spot 118",3.14330511614734e-05,0.166241343855392,0.176147257204455,0.250787034344758,0.210035581279846,0.196757350264387
"spot 119",0.0243526435626022,0.134042262824237,0.162362426975847,0.235727296942514,0.15587664169595,0.28763872799885
"spot 120",0.0358439435168261,0.0790949448532164,0.10797734818042,0.183491436651408,0.26472561433038,0.328866712467749
"spot 121",0.0520492918178306,0.0466211391358422,0.349382837284921,0.190680452024179,0.190973727503697,0.17029255223353
"spot 122",0.0102570862249256,0.0457018967600575,0.115045414183437,0.239425633881566,0.304829292944268,0.284740676005746
"spot 123",0.0126345114052795,0.172721194401874,0.126715093352414,0.158447610072967,0.17151824205765,0.357963348709816
"spot 124",0.017143176795649,0.0397573797240291,0.125548565589594,0.0958249187511711,0.31738945763383,0.404336501505727
"spot 125",0.00717950056352832,0.118320200481337,0.239949325618987,0.192341257889785,0.232992967354735,0.209216748091628
"spot 126",0.03594693627928,0.16783639549714,0.0998724426702301,0.156323258503152,0.201147091208287,0.338873875841911
"spot 127",0.00822476991933468,0.0933736584307832,0.0735728487050196,0.224481707335584,0.261279371007637,0.339067644601642
"spot 128",0.0134073450642572,0.053256439164786,0.0893399564717551,0.179027618676779,0.3662091287898,0.298759511832622
"spot 129",0.135482008171929,0.0614505563491827,0.115865358416699,0.560095287013851,0.0765773679355234,0.0505294221128152
"spot 130",0.0474584848920803,0.0442806418898712,0.150926152071873,0.0243440761469279,0.566567808322939,0.166422836676309
"spot 131",0.157428061202171,0.248145122886339,0.0395778382805407,0.00662035860655709,0.545444670082981,0.00278394894141151
"spot 132",0.0684867146298419,0.279967120841838,0.0172783557381564,0.181656324327022,0.124276601099606,0.328334883363536
"spot 133",0.387229256222505,0.0389646540360271,0.467872675075554,0.00401589204096825,0.0626322568999612,0.0392852657249844
"spot 134",0.0175593449096325,0.0312698936353913,0.337327347540564,0.0117474724498715,0.38049308033187,0.22160286113267
"spot 135",0.167599259708455,0.0516689394446002,0.181295633251372,0.46195023085031,0.0937248238478764,0.0437611128973861
"spot 136",0.19490653874973,0.0595546582219746,0.441953565549446,0.0173901821872639,0.181868869884591,0.104326185406995
"spot 137",0.309066553214844,0.188454532350936,0.340194991760947,0.12273748931442,0.0140154226142712,0.0255310107445813
"spot 138",0.37393990275886,0.0822806795460851,0.0335145087098385,0.0353093635472681,0.337398176690272,0.137557368747676
"spot 139",0.231600454079132,0.000165455006859206,0.316794011322088,0.0115317724747299,0.252282338802414,0.187625968314776
"spot 140",0.189892188514842,0.340894263654993,0.061627722626455,0.100302922210335,0.22355871208934,0.0837241909040354
"spot 141",0.0270213972633408,0.222717186835463,0.170821403315838,0.229974340779858,0.0545432035699142,0.294922468235586
"spot 142",0.118776403904503,0.0655135871815927,0.25117761187541,0.0833858779142593,0.224779013440995,0.25636750568324
"spot 143",0.064561237252255,0.166193765400108,0.00357798969517804,0.40457568799506,0.260034793051019,0.101056526606379
"spot 144",0.0944602257439174,0.0699481384413877,0.102968754570445,0.248304374981331,0.454358884055916,0.0299596222070033
"spot 145",0.318469763957393,0.182624460925857,0.000647985153526183,0.00652233700451547,0.127939273918651,0.363796179040057
"spot 146",0.116652865807141,0.243498888996007,0.0993356090231731,0.299451750223472,0.00110325119874566,0.239957634751462
"spot 147",0.0383468485188771,0.0666222746548673,0.299254889751414,0.143377452013374,0.0111481990478972,0.441250336013571
"spot 148",0.151442964057091,0.258123139392356,0.14105582220277,0.0982358735418292,0.169187004210718,0.181955196595236
"spot 149",0.0515393966296892,0.0405973238182901,0.236837907899719,0.224173482889994,0.200521257779366,0.246330630982942
"spot 150",0.000631290695548254,0.11424334711243,0.138679618822001,0.176846637150127,0.245495349432025,0.324103756787869
"spot 151",0.00438812398240932,0.127287369937204,0.105230309589757,0.214637868209727,0.265801366327491,0.28265496195341
"spot 152",0.00314691341475221,0.168050988793669,0.161165841969631,0.228243138321803,0.23850716197419,0.200885955525955
"spot 153",0.000116420820024639,0.154292015044844,0.104889988109249,0.122003913346328,0.254501603703276,0.364196058976278
"spot 154",0.00538752605725974,0.0391452740381498,0.18060621223691,0.243503653371684,0.193132733862796,0.338224600433201
"spot 155",0.0331499339594461,0.0790636981236509,0.166379407122148,0.213969999543261,0.337025832126579,0.170411129124914
"spot 156",0.0137559745791684,0.00603702380771735,0.0744844023625667,0.283511254013331,0.328408129362551,0.293803215874665
"spot 157",0.00602648640825243,0.109093395751687,0.0608800798897333,0.119044480602325,0.210876345792163,0.494079211555839
"spot 158",0.0129186272892954,0.0805201533869432,0.0824588777231628,0.251591570530116,0.235283767456127,0.337227003614356
"spot 159",0.0227599910677005,0.0106396582438194,0.130474342375942,0.262728057879139,0.184692600175696,0.388705350257703
"spot 160",0.0161664433112472,0.0999763253916289,0.0952131667008837,0.193008042674733,0.361899038881351,0.233736983040156
"spot 161",0.359615145786219,0.0700893198814807,0.0639652866244341,0.0717893931898698,0.432093962439532,0.00244689207846465
"spot 162",0.00367520607289488,0.537791299605545,0.0604758692384224,0.062909874237695,0.105551291728926,0.229596459116516
"spot 163",0.26237674759773,0.0399797977010829,0.157141174843624,0.0906705736680463,0.0309327999545206,0.418898906234996
"spot 164",0.0376170433290758,0.195153337780868,0.437735637505084,0.040311249035945,0.0646985566984325,0.224484175650595
"spot 165",0.0462048962125529,0.060976444522348,0.128133765678069,0.158866274863436,0.0190120741257656,0.586806544597828
"spot 166",0.0316830169905749,0.00758707826666608,0.325068513570439,0.23557550243315,0.0792436958483091,0.320842192890861
"spot 167",0.158884538663263,0.0912757274951385,0.201626120810539,0.106409754689568,0.0744240955876496,0.367379762753841
"spot 168",0.468254316511802,0.336794789672441,0.0695820915645681,0.084835571449359,0.0316075108967679,0.00892571990506168
"spot 169",0.0954927294244295,0.151570297452618,0.188626359903235,0.400519213330722,0.16013352938576,0.00365787050323441
"spot 170",0.483403057970029,0.0113855845350211,0.178080047670834,0.142858077308085,0.146278542503478,0.037994690012553
"spot 171",0.0299986424635845,0.0927834257899903,0.0928720794538857,0.00829418144041692,0.656754597469718,0.119297073382404
"spot 172",0.196037127482374,0.0244672568154709,0.325359946542133,0.0568810877349332,0.0577221718371189,0.33953240958797
"spot 173",0.212496745679519,0.290273432447218,0.0505791253183698,0.0508696143108164,0.110833304593915,0.284947777650163
"spot 174",0.0349397733746605,0.0489472063983296,0.346107621629482,0.0965735061930148,0.31765153632457,0.155780356079943
"spot 175",0.061610173704914,0.296726247660403,0.260352016238654,0.0567019176065891,0.238625210141469,0.0859844346479719
"spot 176",0.0945866818740897,0.622440851600371,0.0268768624587392,0.0793155473718926,0.129791676366184,0.0469883803287235
"spot 177",0.142243505133949,0.112179965590075,0.184844256724841,0.357458081096695,0.158776138419947,0.0444980530344935
"spot 178",0.0441898655494593,0.175399285364521,0.0969014715781358,0.588515119204088,0.0294151265793091,0.0655791317244868
"spot 179",0.0669190126001975,0.432501722331753,0.110953243087917,0.23270682234622,0.0568871389962284,0.100032060637684
"spot 180",0.0670716191082028,0.204134396364222,0.399441952034012,0.0200645526906486,0.209247407610361,0.100040072192554
"spot 181",0.0186958705599378,0.0165935245489608,0.111615545884635,0.0893603202481694,0.436533403383373,0.327201335374924
"spot 182",0.0308166842636418,0.0757986952916527,0.0761776906176723,0.293247846265552,0.288949014602744,0.235010068958736
"spot 183",0.0512212133980638,0.0755760156066406,0.105314367577996,0.203272868359748,0.240642863280508,0.323972671777044
"spot 184",0.008367796728764,0.126225345043029,0.162658002325639,0.164329731719592,0.247523445038095,0.290895679144881
"spot 185",0.0262099229849067,0.151169549981999,0.144622266639573,0.276196561153074,0.134730184451536,0.267071514788913
"spot 186",0.0133826014174033,0.0559110770917458,0.15265334055813,0.462229700468746,0.123753317159343,0.192069963304632
"spot 187",0.00928204439070445,0.0509205154476406,0.117278258858776,0.183953729447388,0.297197881238973,0.341367570616518
"spot 188",0.0567943755727854,0.118190857555219,0.0912196120132724,0.115723738960193,0.165365224502307,0.452706191396223
"spot 189",0.0420280100757874,0.08852178869604,0.0812518777867396,0.298601168630927,0.230759097661636,0.258838057148869
"spot 190",0.00718272196008933,0.20851310127471,0.169523491638751,0.216396990294085,0.199237174599009,0.199146520233356
"spot 191",0.0168517759926428,0.0805226626773134,0.258894394565334,0.113575805950295,0.301533871538295,0.22862148927612
"spot 192",0.025020924184281,0.060018386635938,0.0946655833782327,0.177571898321072,0.218042225427777,0.4246809820527
"spot 193",0.0565581355379909,0.260948548889125,0.051952583829085,0.336360738112138,0.282396180939627,0.0117838126920348
"spot 194",0.00711161843193566,0.121976008834984,0.306394746444498,0.22180145453592,0.326173674339936,0.0165424974127265
"spot 195",0.0415790382758029,0.491063379539677,0.186376476820395,0.00603436111685344,0.041111989178121,0.233834755069151
"spot 196",0.64071541997191,0.0959236119018508,0.0644725788291705,0.0465290050302437,0.00373949504432834,0.148619889222497
"spot 197",0.414934465572819,0.115394229715987,0.138256179461939,0.208934263234291,0.0638483977748062,0.0586324642401571
"spot 198",0.0126158490578865,0.441607076611004,0.121065831431643,0.0683949018064705,0.347952559569746,0.00836378152324946
"spot 199",0.142743201591657,0.0344803298736579,0.00470988030053146,0.389064283719934,0.282818054283739,0.14618425023048
"spot 200",0.0965449161749938,0.0594524376749892,0.179670719550514,0.048594781668531,0.537872290730707,0.0778648542002653
"spot 201",0.222956641711005,0.0377336712363395,0.535809401616689,0.0425628453269221,0.0114804302350947,0.149457009873949
"spot 202",0.00245933087249793,0.0325963326066754,0.342108742341862,0.206513887590609,0.378603936705143,0.0377177698832121
"spot 203",0.08198132906908,0.149992698657595,0.253900281703881,0.355784357969138,0.0470092719311036,0.111332060669203
"spot 204",0.251943702490606,0.0863664103208048,0.24122084190658,0.329931316104173,0.0382233279916878,0.052314401186149
"spot 205",0.0329884437682001,0.072051772317697,0.0453987393019935,0.719462385698388,0.0869735333413666,0.0431251255723555
"spot 206",0.194295113432142,0.00858460337975153,0.124362923831237,0.213252102032319,0.327280937005974,0.132224320318577
"spot 207",0.215976760339953,0.141510333498947,0.532741648178311,0.0594270384210909,0.0165863628928902,0.0337578566688079
"spot 208",0.185638517827838,0.249841247304281,0.106312176374362,0.107689890493237,0.110875716252948,0.239642451747334
"spot 209",0.537738190945688,0.0145349398076676,0.00172132042421621,0.1935169725211,0.141012473787571,0.111476102513758
"spot 210",0.364165695660962,0.0306634373023523,0.27250672634828,0.165354229795024,0.155349376890137,0.0119605340032457
"spot 211",0.559229988795609,0.185813173211935,0.06071758864761,0.0057827359623957,0.00955707257530907,0.178899440807141
"spot 212",0.024291335090666,0.153940685579207,0.0848821783999582,0.273069417144918,0.0305949064735107,0.43322147731174
"spot 213",0.0255602422067085,0.0752131990882652,0.133425050529053,0.206817344456708,0.187186080610131,0.371798083109135
"spot 214",0.00427381228319306,0.0964877824575081,0.0474576957931679,0.275456662026672,0.355402941801169,0.22092110563829
"spot 215",0.00931239875043883,0.0294858662842526,0.271899167244759,0.109853932132983,0.227429008329652,0.352019627257915
"spot 216",0.0247421652785815,0.128930300379199,0.121399553632375,0.175295005494255,0.192463451414844,0.357169523800746
"spot 217",0.0061005298799971,0.0635832924775003,0.167084042048554,0.321844795761815,0.251472197539049,0.189915142293084
"spot 218",0.0258193796124765,0.112372200137029,0.215573005313317,0.121719290235113,0.225274620858772,0.299241503843292
"spot 219",0.0332012283689845,0.0923301325554092,0.199094332653443,0.205553002180544,0.181698905336018,0.288122398905601
"spot 220",0.0140908930214553,0.0392564814892593,0.122617168752764,0.277080714559168,0.294306608617505,0.252648133559849
"spot 221",0.00466404481327184,0.0383931406318178,0.211651806771376,0.149450084898589,0.345158970052071,0.250681952832875
"spot 222",0.00745752845306575,0.0769328121169916,0.171283285493365,0.228278824420972,0.277262519239261,0.238785030276345
"spot 223",0.0323291262154746,0.0694369778239281,0.181329390927057,0.203602722646033,0.246078430968732,0.267223351418775
"spot 224",0.00196127237421798,0.0390506209755358,0.189202823235701,0.0951536483717964,0.364615435498092,0.310016199544657
"spot 225",0.0940069055975575,0.0738592457861431,0.14479848418501,0.179300811443429,0.157887495538962,0.350147057448898
"spot 226",0.0230059344025174,0.225572385245755,0.257787597172879,0.223860061576385,0.100759715406491,0.169014306195973
"spot 227",0.0530382011404688,0.0335261639320024,0.00806834398110892,0.126443873148728,0.554335343887216,0.224588073910477
"spot 228",0.0096969216287893,0.281742978129667,0.245142711415432,0.00951322845979338,0.446210494120788,0.00769366624553048
"spot 229",0.205100050279101,0.00305984179087563,0.144029238097044,0.276114173945806,0.0965675301438949,0.275129165743279
"spot 230",0.180568188034148,0.037326767745263,0.137101789831382,0.130771612745752,0.329410730786056,0.184820910857399
"spot 231",0.195086080893205,0.279617871663827,0.288054591306063,0.155019128589802,0.0370381924395992,0.0451841351075033
"spot 232",0.00978712944509178,0.249586507400652,0.195111588479985,0.0154050772271644,0.265293462185747,0.264816235261359
"spot 233",0.14698079879278,0.264513986680762,0.0238459786018599,0.473595773556699,0.0803234095525055,0.0107400528153935
"spot 234",0.2910539638049,0.00276247827955456,0.0726744275101184,0.469190771857231,0.133476007030902,0.0308423515172944
"spot 235",0.0134389816731087,0.556083434196997,0.182883359679714,0.00769173189738843,0.171715071509264,0.0681874210435279
"spot 236",0.429931426991813,0.156836927411967,0.167646706900753,0.0801841627102166,0.0128668183353047,0.152533957649946
"spot 237",0.00611796728350334,0.722196508646949,0.109781998031183,0.0688914623884671,0.0113362393863983,0.0816758242634987
"spot 238",0.245719572680076,0.260922554237851,0.125121358280742,0.176819717105065,0.0544276746874319,0.136989123008833
"spot 239",0.274817966196829,0.0869489797813758,0.0361692727570497,0.00743459578009417,0.183584544261097,0.411044641223554
"spot 240",0.136260844592331,0.165274780918716,0.0341611061186396,0.225085235804295,0.284444124143088,0.154773908422931
"spot 241",0.308164920005678,0.00794386627348618,0.246199058551237,0.108112384632424,0.069171419086619,0.260408351450555
"spot 242",0.140908467952006,0.0343004569499042,0.422013513527468,0.199562347296436,0.0628233112314167,0.140391903042769
"spot 243",0.299394071434393,0.0247878254667944,0.0090715524514412,0.32924384141746,0.161283699950081,0.176219009279831
"spot 244",0.1708221884743,0.0554441543120569,0.268103758578355,0.055787477372516,0.344871523951558,0.104970897311214
"spot 245",0.0395185570115953,0.061649740975761,0.0871308204603608,0.144973216904191,0.308492139497421,0.358235525150671
"spot 246",0.0377820660374172,0.0328998929011109,0.0985621651968263,0.397509303543758,0.153132564835964,0.280114007484923
"spot 247",0.0535769644387636,0.0853290027783945,0.145498733554916,0.217808486766925,0.219952926185339,0.277833886275662
"spot 248",0.0770135700200085,0.0416635706471115,0.189932258382157,0.179250103426008,0.269026753918167,0.243113743606547
"spot 249",0.00735254005735171,0.177160210474123,0.0953887890590393,0.327121862087008,0.180018348207315,0.212958250115163
"spot 250",0.0166164966266946,0.0624727395376809,0.118365563677977,0.248009448219305,0.198719991567797,0.355815760370545
"spot 251",0.0557989118691005,0.0793920993421226,0.166203849466197,0.119043724521854,0.319535618156726,0.260025796644
"spot 252",0.0360975171924003,0.0456675013285412,0.279099864973111,0.107268974327144,0.297591069485886,0.234275072692918
"spot 253",0.031925228609425,0.0580812964722098,0.192402741912474,0.138795523280223,0.138742808166031,0.440052401559637
"spot 254",0.0584134292294644,0.113508517584158,0.0928650665082708,0.271440174727356,0.20031353896919,0.263459272981562
"spot 255",0.000572094366499617,0.0554383201801492,0.130065602010139,0.256944936249235,0.259675267739091,0.297303779454887
"spot 256",0.000788544811313819,0.0667700880859072,0.145371474961119,0.30741344323207,0.227436310992727,0.252220137916863
"spot 257",0.446735975085494,0.204925904725486,0.0522100680893973,0.181319209016641,0.0198688028565062,0.0949400402264757
"spot 258",0.131707558064838,0.159351537487067,0.12365620633741,0.136995938947301,0.113432548776394,0.334856210386991
"spot 259",0.0295761961832077,0.0091050550016874,0.319721244382038,0.00750372240864395,0.422191660190213,0.21190212183421
"spot 260",0.175413204310082,0.00543170613821231,0.32553286419501,0.29712706866147,0.0430179506461178,0.153477206049108
"spot 261",0.144373939279546,0.0154197097862987,0.395289233204726,0.111918418918675,0.043045465112416,0.289953233698339
"spot 262",0.15254862585079,0.424526617295305,0.169054243896321,0.121370002161966,0.0443666439845511,0.0881338668110665
"spot 263",0.201134761592497,0.0567385939378404,0.145285788842768,0.172710492407684,0.237157763777178,0.186972599442033
"spot 264",0.40571407906083,0.142365348225829,0.148747594056771,0.0394471400167441,0.153484209714565,0.110241628925262
"spot 265",0.587353518077051,0.0533302412722278,0.0213607842640142,0.204191846691941,0.0427282982198692,0.0910353114748962
"spot 266",0.157286080608782,0.252006895882013,0.285140033428645,0.172211825333575,0.0453539914038095,0.0880011733431748
"spot 267",0.334388145236146,0.469075908063206,0.0417780003225008,0.0336487836596049,0.0338947381031328,0.0872144246154088
"spot 268",0.159937160759814,0.0592835414778164,0.219664690330273,0.442075151268988,0.00232042526684629,0.116719030896263
"spot 269",0.0107673422970773,0.0802965833610361,0.199915497576357,0.18071795449535,0.120357641403906,0.407944980866274
"spot 270",0.129817153150742,0.121278330783581,0.0953646535208314,0.168057382501103,0.116169462738236,0.369313017305506
"spot 271",0.00907287758950597,0.0742363257445174,0.252119308645112,0.310636860434747,0.0387566965909376,0.31517793099518
"spot 272",0.130521979228474,0.617507623621062,0.086188553080898,0.0940494094793632,0.0493523894166128,0.0223800451735908
"spot 273",0.102774879502599,0.568465654010011,0.0372180620955783,0.0702794082541751,0.0895006857899836,0.131761310347653
"spot 274",0.0967319991859432,0.586817312427582,0.0139506544661754,0.028475796388199,0.0075045588294611,0.266519678702639
"spot 275",0.0434781083857949,0.195608597661326,0.147270474274515,0.00943918010951098,0.0554513139681856,0.548752325600667
"spot 276",0.113383893057191,0.165690577553571,0.024542004166902,0.156394147252446,0.136628134913855,0.403361243056035
"spot 277",0.0504791540333416,0.0891182300894738,0.163779446578303,0.110348675641229,0.290502685649113,0.29577180800854
"spot 278",0.00744743857858589,0.141413183075303,0.132776783404379,0.194371186208189,0.262245868708328,0.261745540025214
"spot 279",0.12944508598246,0.0450658112129404,0.0989065633949092,0.146215645951629,0.22114170105522,0.359225192402841
"spot 280",0.00883517342962433,0.0775510664047323,0.248514598300905,0.214922165692969,0.261025402509672,0.189151593662098
"spot 281",0.0943608318646721,0.019786099392177,0.0477763427590562,0.290489396587991,0.2030373584616,0.344549970934504
"spot 282",0.0462563006841364,0.0673086989985052,0.082974498411581,0.192842286030619,0.3135353721669,0.297082843708258
"spot 283",0.0287063224026903,0.0859899605968844,0.191227754343028,0.210147823277068,0.374693513740718,0.109234625639612
"spot 284",0.00604864574916135,0.0592616677455976,0.178202043213684,0.090313473287549,0.42513823041801,0.241035939585998
"spot 285",6.55736561296697e-05,0.0308991146343118,0.158638285025928,0.372582917584816,0.191544774809542,0.246269334289273
"spot 286",0.0166261454552821,0.0656151673154071,0.194243381533484,0.0879631138749901,0.303264227361682,0.332287964459155
"spot 287",0.00948373883199463,0.0708917347945092,0.105087335605084,0.249237888129488,0.188328101747266,0.376971200891658
"spot 288",0.0317381699456212,0.104412237185302,0.179454176175319,0.163496944391113,0.189198590580278,0.331699881722367
"spot 289",0.246872143872821,0.161625827994372,0.0504155303104116,0.0705926823531538,0.339418510777437,0.131075304691804
"spot 290",0.212420996443085,0.00095804908212345,0.229478667209114,0.0443363638612423,0.143953866256803,0.368852057147632
"spot 291",0.0842196627819489,0.212756141838797,0.214210883922646,0.0991841302803232,0.0886862436574905,0.300942937518794
"spot 292",0.0605665607495309,0.139138875482046,0.426838519377282,0.0874939834069994,0.276041018124149,0.0099210428599926
"spot 293",0.073652090626388,0.190760703838785,0.172093543855453,0.29272127339654,0.175256152236664,0.0955162360461692
"spot 294",0.237757622649638,0.168753596529127,0.193357054176261,0.0403806359357454,0.292525560460842,0.0672255302483874
"spot 295",0.0142699490990088,0.40684977597873,0.160821349190725,0.133877380730377,0.230646716100983,0.0535348289001759
"spot 296",0.0756666115700331,0.218107932753853,0.217625366808918,0.0926298679218159,0.185524301507323,0.210445919438057
"spot 297",0.187423281552362,0.1197865859449,0.215294626242804,0.0165109940408267,0.380615786987856,0.0803687252312508
"spot 298",0.202869645556477,0.31011664088552,0.409048495717752,0.0336673986982771,0.0339494555098554,0.0103483636321189
"spot 299",0.059241075081428,0.238570813437059,0.0376477777264584,0.124965375985663,0.0237116247690567,0.515863333000335
"spot 300",0.0957071006593324,0.109131710689083,0.00411363100802311,0.308742939515731,0.308938849217275,0.173365768910555
"spot 301",0.0802651976127332,0.00329742786156555,0.246817554846855,0.0450320324815812,0.170386576109222,0.454201211088043
"spot 302",0.137412153275431,0.140329281234459,0.0995359375831864,0.204542816172573,0.289381288646508,0.128798523087843
"spot 303",0.451858728900998,0.212082283142492,0.000548951839934974,0.193507485651998,0.0845732164426659,0.0574293340219108
"spot 304",0.148574822329544,0.131116176492817,0.209067912326716,0.0965772734080173,0.150916085737568,0.263747729705336
"spot 305",0.688839644079681,0.0501202837967603,0.0799637540301748,0.0931156630082511,0.0445034056394588,0.0434572494456738
"spot 306",0.0630521396668814,0.0162525556003633,0.254187942919731,0.0753054554912524,0.30368998756248,0.287511918759291
"spot 307",0.0232362983494993,0.148809338042906,0.0910417321281037,0.405927084485881,0.133203376957522,0.197782170036088
"spot 308",0.352687597601037,0.0313690351687601,0.0478204892573163,0.344119017972363,0.0555788334474961,0.168425026553027
"spot 309",0.0229463046920529,0.0204193011585798,0.227787752859056,0.163827029586886,0.238784076286379,0.326235535417046
"spot 310",0.00802074504314947,0.108660691993033,0.188326723923065,0.274018091345088,0.197691982542571,0.223281765153093
"spot 311",0.0620790349017016,0.161211837243452,0.156710954018506,0.179535967131426,0.253649977347046,0.186812229357868
"spot 312",0.00477887520735763,0.161245327923617,0.111360208341994,0.159354214857168,0.314872699820563,0.248388673849301
"spot 313",0.00785224229068904,0.022046567821044,0.144375864038972,0.208971709695804,0.246245038300379,0.370508577853112
"spot 314",0.0266479180589287,0.0791958323923377,0.0818884156544187,0.207942320273078,0.247892365837955,0.356433147783282
"spot 315",0.0228126441890293,0.0873813770455947,0.069496157864059,0.13980909051573,0.300198045319066,0.380302685066521
"spot 316",0.0229514949115072,0.0140966117573609,0.0838551343649277,0.214011066532467,0.400596185999166,0.264489506434571
"spot 317",0.0327784284428342,0.0604157571397031,0.21324604759644,0.134338951560543,0.19181666493053,0.367404150329951
"spot 318",0.107667742385162,0.112019800530444,0.0778914960071635,0.219997628191527,0.123765320244922,0.358658012640782
"spot 319",0.000896375973509709,0.0774565229472591,0.125630889914668,0.0720752924548218,0.401619820964161,0.32232109774558
"spot 320",0.0475133606174592,0.159480166208515,0.284845226762413,0.182127713792708,0.134909540954625,0.191123991664281
"spot 321",0.397965442675724,0.319454657346938,0.0665308118601438,0.0854328165350927,0.0692757529810723,0.0613405186010297
"spot 322",0.103269951001595,0.255180954006709,0.04854787629343,0.349637871359968,0.197408923244157,0.0459544240941408
"spot 323",0.130700482391038,0.18832211664466,0.60479930252264,0.0175544747562249,0.0580897723759301,0.000533851309507715
"spot 324",0.0196939769379299,0.268663027583329,0.0281276044329916,0.414217797130242,0.0416301155041482,0.227667478411359
"spot 325",0.0553161693793124,0.0562284204698006,0.265991709052474,0.207928298935909,0.00241295634096884,0.412122445821535
"spot 326",0.0539738319883012,0.0843424486132574,0.173102621288046,0.136102360388472,0.396783618794805,0.155695118927118
"spot 327",0.255053715877017,0.00326529940108513,0.0965903572837143,0.265571310168439,0.348701053209191,0.0308182640605541
"spot 328",0.331471516198233,0.150585753963829,0.060721128819154,0.0555971885730552,0.115617210894442,0.286007201551287
"spot 329",0.287347881209487,0.100675362779331,0.159864246554025,0.137324158487162,0.0485289469721085,0.266259403997887
"spot 330",0.199456343414116,0.0951746675005396,0.297813699693857,0.111687784703745,0.266088188242088,0.0297793164456536
"spot 331",0.333695207405007,0.131281910364559,0.117964117566201,0.142197248378502,0.0863317412832303,0.188529775002501
