"","Inhib","Oligo","OPC","Excit","MicroOligo","Astro","EndoMural"
"AAACAACGAATAGTTC-1",0.0200348579511862,0.374040111416536,0.103812086163253,0,0.293733853763821,0.07083546150386,0.137543629201344
"AAACAAGTATCTCCCA-1",0.0358064371288795,0.403746380346141,0.0783672574332425,0.00383183326741418,0.287844114004728,0.0705220065111419,0.119881971308453
"AAACAATCTACTAGCA-1",0.00142890608443554,0.398863714843508,0.0629162350184936,0,0.289565173166468,0.0940700499074237,0.153155920979671
"AAACACCAATAACTGC-1",0.0324312702851127,0.288867516941659,0.087802071076433,0.0213216187168388,0.262609553772681,0.12670607042625,0.180261898781026
"AAACAGCTTTCAGAAG-1",0.0420752210356762,0.398781876942848,0.0721878628879008,0,0.286152546614453,0.0720758699878415,0.12872662253128
"AAACAGGGTCTATATT-1",0.0380590331852711,0.367975319317008,0.0738732093551277,0.0282101048754791,0.271523763087092,0.0867654314026369,0.133593138777385
"AAACAGTGTTCCTGGG-1",0.0368333597646524,0.349683952794126,0.0821987214070866,0.00787058103685238,0.275154650912103,0.0869544373223203,0.16130429676286
"AAACATTTCCCGGATT-1",0.0408111598811277,0.370653275609893,0.0759465560063241,0.0110801747300406,0.273494385732241,0.087327143884333,0.14068730415604
"AAACCACTACACAGAT-1",0.03146750549884,0.410643567791555,0.0711728564518809,0,0.290660386714779,0.0661588365098024,0.129896847033143
"AAACCCGAACGAAATC-1",0.0280357689714018,0.415816050064918,0.0740235615075501,0,0.293363700104351,0.0639723086192629,0.124788610732516
"AAACCGGGTAGGTACC-1",0.031781234088076,0.399855255465198,0.073730472022534,0,0.287429117306474,0.0774975604177777,0.129706360699941
"AAACCGTTCGTCCAGG-1",0.0364516430224017,0.409512927704266,0.069370833778484,0.0206292241633491,0.293062685834298,0.0538073725383419,0.117165312958859
"AAACCTAAGCAGCCGG-1",0.0222175147811673,0.411652568257682,0.0716069861539797,0,0.29673327466367,0.0676842885149744,0.130105367628526
"AAACCTCATGAAGTTG-1",0.0360981634616577,0.402907311308054,0.0638577204121007,0,0.29037649585802,0.0760576843613242,0.130702624598843
"AAACGAAGAACATACC-1",0.0431387534218429,0.312516043244614,0.063786450579242,0.0441236065523451,0.237920081110379,0.12112481862799,0.177390246463588
"AAACGACAGTCTTGCC-1",0.0265425034509139,0.416691103201865,0.0662179903256714,0,0.290857846314192,0.0659835008395126,0.133707055867845
"AAACGAGACGGTTGAT-1",0.0190146899457841,0.430821253941834,0.0579476226457303,0,0.298252390451801,0.0636247081995683,0.130339334815282
"AAACGCCCGAGATCGG-1",0.0322072597975376,0.392668141770648,0.0747447166771583,0,0.282480143179647,0.0840552969632407,0.133844441611768
"AAACGGGCGTACGGGT-1",0.0408161436354013,0.404683218295021,0.0681149597429351,0.0175689529503551,0.290994306836664,0.0604627807830062,0.117359637756618
"AAACGGGTTGGTATCC-1",0.037137063447633,0.362629899572197,0.0756167844093156,0.0025550007213762,0.264211579093661,0.0967634866806719,0.161086186075145
"AAACGGTTGCGAACTG-1",0.0177861478530149,0.373609252727646,0.0801069670870963,0,0.279993339729349,0.0844610430010446,0.164043249601849
"AAACGTGTTCGCCCTA-1",0,0.427494775156415,0.0584176483928103,0,0.297996438564171,0.0845862766284498,0.131504861258155
"AAACTAACGTGGCGAC-1",0.0165576225156347,0.41957799621074,0.0651480480399902,0,0.294959060485917,0.0694495815837291,0.134307691163989
"AAACTCGGTTCGCAAT-1",0.0271949086122617,0.392036198485468,0.0789989037349792,0.0177237706164711,0.29015458491322,0.0687635223099509,0.125128111327649
"AAACTCGTGATATAAG-1",0.00967786470343255,0.414581064627052,0.0593594585608476,0,0.294025155412821,0.0730535642475578,0.149302892448289
"AAACTGCTGGCTCCAA-1",0.0299570049417942,0.442177066367639,0.0603461468256987,0,0.304730309280054,0.0404132710296113,0.122376201555204
"AAACTTGCAAACGTAT-1",0.0378104926065819,0.36494680774539,0.0766515289695707,0.0263225147398512,0.270299163650206,0.0880589059638685,0.135910586324532
"AAAGAATGTGGACTAA-1",0.0371682730446457,0.342402859698574,0.0694973384855177,0.0317376330146517,0.258905608025707,0.0959748685027681,0.164313419228136
"AAAGACATGAAGTTTA-1",0.0476836284476604,0.363731329207317,0.0766316673469083,0.0208822455721999,0.266728890308591,0.0787384790858582,0.145603760031465
"AAAGACCCAAGTCGCG-1",0.0385148398809256,0.394138802191394,0.0721209869124993,0.0153256518591307,0.279970400637236,0.0704956668537619,0.129433651665052
"AAAGACTGGGCGCTTT-1",0.0380389842402218,0.383494833590919,0.0720082841376239,0.00767167013379898,0.277591641631107,0.0767429072237464,0.144451679042582
"AAAGGCTACGGACCAT-1",0.0328584794116846,0.396302995082173,0.0752048734260106,0.0155323336158931,0.289243475159661,0.0656488395673613,0.125209003737217
"AAAGGCTCTCGCGCCG-1",0.0263091189744339,0.422909710147281,0.0610999929679709,0,0.297416654584303,0.0572397897357968,0.135024733590214
"AAAGGGATGTAGCAAG-1",0.0328811610973851,0.423680611206538,0.069881425786739,0,0.295238923350893,0.0597339551551344,0.11858392340331
"AAAGGGCAGCTTGAAT-1",0.0297770129079179,0.430348720689898,0.0600716947493554,0.0047542878008438,0.299248367280163,0.0588679758054877,0.116931940766333
"AAAGGTAAGCTGTACC-1",0.000796465100540862,0.413304083276492,0.062359758089462,0,0.294722531905983,0.0802445778339025,0.148572583793619
"AAAGGTCAACGACATG-1",0.0330920224161635,0.404062881980408,0.0718223655476642,0,0.287787088366304,0.0716770804382625,0.131558561251198
"AAAGTAGCATTGCTCA-1",0.035342044204596,0.390910736065065,0.074207515410465,0.00972230204262589,0.285425651875783,0.0757602927462402,0.128631457655225
"AAAGTCACTGATGTAA-1",0.034410736020524,0.393622407755939,0.0607753554773809,0.0174957607394078,0.280371988751239,0.0727880323679791,0.14053571888753
"AAAGTCGACCCTCAGT-1",0.0269529329410885,0.412125088390377,0.0569192627396205,0,0.288858459833632,0.0732740304954925,0.141870225599789
"AAAGTGTGATTTATCT-1",0.0335826851466314,0.411059572886141,0.0686229467026387,0,0.287546072012945,0.0720828425692357,0.127105880682408
"AAAGTTGACTCCCGTA-1",0.0293781834493491,0.406557312544736,0.0648893814870269,0,0.28440996764196,0.0735655076589573,0.141199647217972
"AAATAACCATACGGGA-1",0.0209921179933256,0.396225074198611,0.0650684433883838,0,0.283523529092142,0.0853833004771146,0.148807534850423
"AAATAAGGTAGTGCCC-1",0.00688294444111882,0.431282699229068,0.0586882328123718,0,0.298535697184583,0.0793664920108866,0.125243934321972
"AAATACCTATAAGCAT-1",0.0315761516277982,0.422519387509521,0.0671251445701327,0,0.297922061372434,0.0565747989767417,0.124282455943373
"AAATAGCTTAGACTTT-1",0.0250175842681039,0.421757182258436,0.0674231084307099,0,0.296615103316458,0.0586075401845313,0.130579481541761
"AAATAGGGTGCTATTG-1",0.0302270628010761,0.395473612330835,0.0732247184404716,0,0.287755350861893,0.0687612785212935,0.14455797704443
"AAATCACTCCTAAACG-1",0.0285310451079839,0.407652639990785,0.0648755250593053,0,0.284701446664281,0.0779142489792518,0.136325094198392
"AAATCCGATACACGCC-1",0.0347146103669156,0.397694021654573,0.0690840837819947,0,0.289745822136571,0.0687284739581562,0.14003298810179
"AAATCGTGTACCACAA-1",0.0144257817349393,0.42967561977922,0.0665743985915892,0,0.300660252245275,0.0585070341269057,0.130156913522071
"AAATCTAGCCCTGCTA-1",0.0392584114393903,0.362132708610986,0.0682471511270547,0.0184391088336729,0.265355826882894,0.0938461026474998,0.152720690458502
"AAATGATTCGATCAGC-1",0.00544212371482739,0.419344801666645,0.0575627201790827,0,0.295188339049721,0.0787058306011041,0.14375618478862
"AAATGCTCGTTACGTT-1",0.0311970072357167,0.411421449360073,0.0676633584425627,0,0.290663594669551,0.0703942005613516,0.128660389730745
"AAATGGCATGTCTTGT-1",0.0301061933225696,0.374366129741401,0.0552845120637895,0,0.2665242446281,0.109871636938275,0.163847283305865
"AAATGGCCCGTGCCCT-1",0.0275099486149824,0.421184882063618,0.0594061588492143,0,0.295671092413552,0.0649969133040538,0.131231004754579
"AAATGGTCAATGTGCC-1",0.0253000930389865,0.419939977425611,0.0529945327878241,0,0.289558679716152,0.0716862947611549,0.140520422270272
"AAATGTATCTTATCCC-1",0.0261848782163825,0.391255127056649,0.0719939508198309,0,0.286559186372465,0.0839319895822374,0.140074867952435
"AAATGTGGGTGCTCCT-1",0.0363117919713164,0.343733033493542,0.0619556593369948,0.00935874023102367,0.254836815693865,0.12227953764055,0.171524421632708
"AAATTAACGGGTAGCT-1",0.0230117989003051,0.427253032213158,0.0591697470138101,0,0.297689598699989,0.0599885563948098,0.132887266777928
"AAATTAATAAGCGCGA-1",0.0320652781640338,0.412348910994163,0.0708341837944047,0,0.293736281575963,0.0598282360701074,0.131187109401328
"AAATTACACGACTCTG-1",0.0412208924477462,0.350343629672194,0.0615077523281621,0.00635880857682013,0.25733452030925,0.106132782317313,0.177101614348516
"AAATTACCTATCGATG-1",0.0269320650180621,0.41776408916875,0.0625926305873233,0,0.293028435828173,0.0603962671425192,0.139286512255172
"AAATTCCAGGTCCAAA-1",0.042422989632954,0.387231196884688,0.0788246015675203,0,0.282107812900604,0.0754908028082825,0.133922596205951
"AAATTGATAGTCCTTT-1",0.00641536958214684,0.419163422344206,0.0670736006391847,0,0.30319109534242,0.0726997810581023,0.13145673103394
"AAATTGCGGCGGTTCT-1",0.0348527310891501,0.397913921351586,0.0625683913222033,0,0.279897342760359,0.0773107830250803,0.147456830451622
"AAATTGGTGAGAAGCA-1",0.032726540911224,0.361600697748684,0.0712158630896628,0,0.268219462711867,0.108765673758295,0.157471761780267
"AAATTTACCGAAATCC-1",0.00243322726872431,0.424525259768371,0.0602202059018654,0,0.301304779496884,0.0647850019664334,0.146731525597722
"AAATTTGCGGGTGTGG-1",0.0356098915916278,0.376132758884913,0.0615508400298053,0.00192147050988111,0.27198320047466,0.088771866023299,0.164029972485814
"AACAACTGGTAGTTGC-1",0.0170801513893898,0.426878812805703,0.0590376174318046,0,0.296338138648141,0.0631332500995207,0.137532029625441
"AACAATACATTGTCGA-1",0.0275188549971916,0.345154327917336,0.0693623345937787,0,0.262903359020502,0.121858194665258,0.173202928805933
"AACAATTACTCTACGC-1",0.030970229079468,0.411384923299705,0.0719195519556881,0,0.294340189974637,0.0617311912484744,0.129653914442027
"AACACACGCTCGCCGC-1",0.0430114676781298,0.404994385323567,0.0589391898548477,0,0.285798815112949,0.0646832600154208,0.142572882015086
"AACACGACTGTACTGA-1",0.00990913635262866,0.424957385560598,0.056155117507442,0,0.293378209831015,0.0758039458723718,0.139796204875945
"AACACGAGACGCGGCC-1",0.0352705382226964,0.389546416197737,0.0673533725100292,0.00448346293938743,0.286432983080613,0.0797060692021404,0.137207157847396
"AACACGCGGCCGCGAA-1",0.0403695335270201,0.369739251525787,0.0683447840714771,0.0128392140683051,0.265691238734424,0.0895910163429523,0.153424961730035
"AACAGCTGTGTGGCAA-1",0.0122421199373916,0.371817818223954,0.0997921080527932,0,0.288343189625117,0.102384094700688,0.125420669460057
"AACAGGAAATCGAATA-1",0.0152171337993729,0.427019124076388,0.0691814987217918,0,0.297727207205855,0.0632564015730963,0.127598634623496
"AACAGGATGGGCCGCG-1",0.0258543627288216,0.405399783565839,0.0644234644019494,0,0.28878536720533,0.0684162998944793,0.14712072220358
"AACAGGTAGTATGGAT-1",0.0280837155034015,0.399832434480375,0.069470183699392,0,0.282705858733357,0.0724328829246148,0.14747492465886
"AACATAGCGTGTATCG-1",0.0406403390123993,0.37948432505702,0.0690526061113918,0.0122810370426916,0.278475159571392,0.0826042782803118,0.137462254924793
"AACATATCAACTGGTG-1",0.0199701786741522,0.416575764567752,0.0585471756725745,0,0.287940510675,0.0744918685293033,0.142474501881219
"AACATCGATACGTCTA-1",0,0.426504519743582,0.0607683681868133,0,0.301654868496515,0.0737957909604777,0.137276452612612
"AACATTGGTCAGCCGT-1",0.0180406181509458,0.416184429137081,0.0691653084711443,0,0.292556856699853,0.0830926527543499,0.120960134786626
"AACATTGTGACTCGAG-1",0.00949573212851369,0.401570283267032,0.0603121927256189,0,0.291132029913768,0.0814452090533799,0.156044552911687
"AACCAAGACTTCTCTG-1",0.0407133149502142,0.407932566307022,0.0743036621058847,0.00206427050277253,0.295958892209617,0.0518134782154955,0.127213815708993
"AACCAGTATCACTCTT-1",0.0229330802788387,0.384132300632685,0.0620691559396425,0,0.274945710486219,0.0933989513177686,0.162520801344846
"AACCATGGGATCGCTA-1",0.0139719048209484,0.445882797854339,0.0517250732663587,0,0.304383321528468,0.059172818747862,0.124864083782023
"AACCCAGAGACGGAGA-1",0.0247225161696993,0.409645359489688,0.0694792353872837,0,0.290913793004377,0.0716922191999188,0.133546876749034
"AACCCGACAACCCGTG-1",0.0355480393185402,0.29747803107201,0.0822264036125643,0.0321072513679808,0.254942858217499,0.115665436217846,0.18203198019356
"AACCCGAGCAGAATCG-1",0.0192028818796427,0.407430360701679,0.0675453518921883,0,0.292632995708112,0.0696984776902436,0.143489932128135
"AACCCGATAGGGCTTC-1",0.0300746274593183,0.425613221529492,0.0626789829176429,0,0.295591326276995,0.0605013541850474,0.125540487631504
"AACCCTACTGTCAATA-1",0.0360721865428982,0.390112232662449,0.0798411064746512,0.000203059010647084,0.282766973310072,0.0754098626119089,0.135594579387374
"AACCCTGGTGGAACCA-1",0.0401542151251113,0.352436104517708,0.0581561951563912,0.00720418397435436,0.255840162152799,0.104443492742369,0.181765646331267
"AACCGAGCTTGGTCAT-1",0.0297334565056486,0.425523458049308,0.0577331992733919,0,0.29414692390597,0.0606090866048684,0.132253875660814
"AACCGCTAAGGGATGC-1",0.0214919920506023,0.437678149258046,0.062249524219861,0,0.303285592467971,0.0454933682517515,0.129801373751768
"AACCGTTGTGTTTGCT-1",0,0.442173182271317,0.0521094756873174,0,0.303159530292039,0.0744788652242847,0.128078946525042
"AACCTAAAGCCGTCCG-1",0.0271776134659366,0.38433180779314,0.0689859293937747,0,0.279339112087969,0.0899654793375446,0.150200057921635
"AACCTCGCTTTAGCCC-1",0.0394494612302614,0.398166915151835,0.0722432245293257,0.025798379404204,0.291891917738338,0.0553318480065849,0.117118253939451
"AACCTGTCACGGAATT-1",0.0402153994615866,0.367005806695998,0.0691909236928926,0.00981479301479032,0.268162750893455,0.0857989769058294,0.159811349335448
"AACCTTTAAATACGGT-1",0.0427129194101574,0.382901348857457,0.0821257203316919,0.00587043870273578,0.28528314182249,0.0672269234128709,0.133879507462597
"AACCTTTACGACGTCT-1",0.0232016939588281,0.380161579712195,0.068216854168261,0,0.272925576277143,0.0935899303119499,0.161904365571622
"AACGATAATGCCGTAG-1",0.0308547646711627,0.414027652979834,0.0677144439607117,0,0.294946524082165,0.0695336249651949,0.122922989340931
"AACGATAGAAGGGCCG-1",0.0251393582551827,0.419625547870166,0.060983112611485,0,0.288872892865159,0.0717579000565809,0.133621188341426
"AACGATATGTCAACTG-1",0.0129532296119919,0.419603521638479,0.0705109073642376,0,0.297025976804362,0.0697984835183769,0.130107881062553
"AACGCATGATCTGGGT-1",0.00717369374325832,0.406222685975966,0.0645734369714111,0,0.294128054816729,0.0780966226004742,0.149805505892162
"AACGCGAACGGCAACA-1",0.0345104747309736,0.402161720068582,0.0662582764502688,0.00607148840550695,0.283294461445427,0.0693495454299194,0.138354033469323
"AACGCGACCTTGGGCG-1",0,0.387408392896122,0.091922259220473,0,0.300975859657077,0.0647068296223016,0.154986658604027
"AACGCGGTCTCCAGCC-1",0.0269319444249377,0.416508060812065,0.0552581842187662,0,0.288501687938317,0.0665370726472367,0.146263049958677
"AACGCTGTTGCTGAAA-1",0.0312766251621912,0.401719061925976,0.0687142123430443,0.00159534790431804,0.288185826056121,0.0686399297318175,0.139868996876532
"AACGGACGTACGTATA-1",0.0246399303682377,0.416819398212137,0.068454482826458,0,0.294964665396318,0.0618304643536928,0.133291058843157
"AACGGCCATCTCCGGT-1",0.0333219119549633,0.398951818367095,0.0694958847071946,0,0.287743996251708,0.071815512060875,0.138670876658164
"AACGTACTGTGGGTAC-1",0.0238447565377802,0.404234564672414,0.0705074589169265,0,0.292521636409138,0.0764976673566855,0.132393916107056
"AACGTAGTCTACCCAT-1",0.0386142026379609,0.329911591400637,0.0694247093177008,0.0173146826770401,0.248584529990439,0.110347800132031,0.185802483844191
"AACGTCAGACTAGTGG-1",0.0290289815297325,0.386194725166617,0.0660272211028053,0,0.27499746773282,0.0803766828875469,0.163374921580478
"AACGTGATGAAGGACA-1",0.0237508100472714,0.430224080025397,0.0738257919405855,0,0.297676656348224,0.056822414436169,0.117700247202354
"AACGTGCGAAAGTCTC-1",0.0236525196023139,0.420303162668775,0.0625558708263528,0,0.291706964650235,0.0661914703406387,0.135590011911685
"AACGTTATCAGCACCT-1",0.0276970522306848,0.411517082571332,0.0544800299662695,0,0.285669196260258,0.0717827224516704,0.148853916519785
"AACTACCCGTTTGTCA-1",0.0389264749319678,0.406059815675469,0.0793959956499271,0.00634620709749956,0.290713800286653,0.058284148981151,0.120273557377333
"AACTAGCGTATCGCAC-1",0,0.417504555112908,0.0561732720209646,0,0.292955326657768,0.093387404572544,0.139979441635815
"AACTAGGCTTGGGTGT-1",0.0359086632003522,0.389558947627619,0.0706745275574647,0,0.283681432521605,0.0772232325799403,0.142953196513018
"AACTCAAGTTAATTGC-1",0.0365979355521837,0.412955163334663,0.0691191458881761,0.00318484952669601,0.293556098489686,0.0599122067609096,0.124674600447685
"AACTCCAGAGCGTGTT-1",0.0294226411710576,0.430201087102658,0.062152161611876,0.00178086735838757,0.304091570020558,0.0464302804372359,0.125921392298226
"AACTCCTAATCCCATG-1",0.0341195418847281,0.35958010816172,0.0575707936484805,0.00621502714625876,0.26159656734696,0.108406272400084,0.172511689411769
"AACTCGATAAACACGT-1",0.0415869561287447,0.298118678647651,0.0876054354499062,0.018951493095415,0.245707918468284,0.128269698531924,0.179759819678075
"AACTCGATGGCGCAGT-1",0.0229539180843702,0.409866457339232,0.0663034247644082,0,0.288628319360133,0.0816146614976448,0.130633218954212
"AACTCTCAATAGAGCG-1",0.0315495506252162,0.385936687516346,0.0683229885446792,0.00465407033072279,0.276754983760343,0.0866415844848864,0.146140134737807
"AACTCTCAGTGTGCTC-1",0.0398812328757379,0.378719331829556,0.0800813703727313,0.00514056759345077,0.278723126206908,0.0811189177607903,0.136335453360826
"AACTGAGGTCAGCGTC-1",0.0152976686118095,0.435176412444721,0.0634793548391271,0,0.300065735435905,0.0557030252734001,0.130277803395037
"AACTGATATTAGGCCT-1",0.0425597219628284,0.368872234580347,0.0715493109878273,0.0134061031615844,0.267340244365692,0.0875152170269751,0.148757167914745
"AACTGGGTCCCGACGT-1",0.03427624246304,0.388540355284684,0.069002496010909,0.00377045168700669,0.279037034423383,0.0843440905255306,0.141029329605446
"AACTGGGTTCGAGCCG-1",0.0263122759595454,0.396057254698626,0.0582632795805389,0,0.279542855349984,0.0882484242061494,0.151575910205156
"AACTGGTGTGGGCCTT-1",0.0143773415176662,0.428926828844894,0.0570761304285531,0,0.296676171654499,0.0642845909041532,0.138658936650234
"AACTTCTGCGTCTATC-1",0.0307915763094536,0.426517776562292,0.0565892741037452,0,0.290402213485966,0.0567792853911417,0.138919874147402
"AACTTGCCCGTATGCA-1",0.0221319353372569,0.400493332457917,0.0681761183781702,0,0.285774772860024,0.080812541443095,0.142611299523537
"AACTTGCGTTCTCGCG-1",0.0249047416197958,0.426917728252488,0.0634296096005504,0,0.29683154913488,0.0596916062314285,0.128224765160857
"AACTTTACGGGAGCTT-1",0.0338656172902531,0.398423227011378,0.0709091737573396,0.00387476637603536,0.28513674312748,0.0743026291285753,0.133487843308938
"AACTTTAGCTGCTGAG-1",0.0063565957537697,0.411312816282171,0.0604940723180563,0,0.290450024498182,0.0954189695737922,0.135967521574028
"AACTTTCTCGATCATG-1",0,0.423132650739355,0.0620382349114117,0,0.300010128837765,0.0866620766341706,0.128156908877297
"AAGAAATCACCAGATT-1",0.016236763091515,0.378504318070917,0.0641029749642829,0,0.275285664319324,0.112074411491316,0.153795868062645
"AAGAAGGATCAGTTAG-1",0.0208390156784721,0.397377321985791,0.0626475726334352,0,0.283576581232495,0.0875750865738364,0.147984421895971
"AAGACATACGTGGTTT-1",0.0417510396465578,0.392741574317588,0.066731460898855,0.0129004532265894,0.281973403887614,0.0694894593720495,0.134412608650746
"AAGACCCAACTGAACA-1",0.0369862631762806,0.3984600440892,0.0714801626914498,0.00670423794566422,0.286861529674751,0.070509209215639,0.128998553207016
"AAGACTAACCCGTTGT-1",0.0519679399881436,0.317226564123283,0.0636237161730302,0.0552874930828305,0.237549886029672,0.106141690805132,0.168202709797909
"AAGACTCACGCCCACT-1",0.0348223374085995,0.39203291500686,0.0784293532877433,0.00233792323587518,0.283984449412241,0.0713557409574053,0.137037280691275
"AAGACTGCAAGCTACT-1",0.0268833047147075,0.43221232466946,0.0646164210050023,0,0.30017398591283,0.0545314967318865,0.121582466966113
"AAGAGATGAATCGGTA-1",0.0279026757495094,0.415181645822613,0.0625425773297436,0,0.292908647841296,0.064653552879473,0.136810900377366
"AAGAGCTCTTTATCGG-1",0.0117912075535084,0.451903198227321,0.0532671561677445,0,0.306973736830188,0.048938165278939,0.127126535942299
"AAGAGGATGTACGCGA-1",0.0355697390775903,0.381904638024239,0.0616385725491867,0.00469128439051885,0.274946757704469,0.0897910089976694,0.151457999256327
"AAGAGGCATGGATCGC-1",0.0293675368241604,0.428282247920322,0.0651890089946431,0,0.297625850539022,0.0508168254892833,0.128718530232569
"AAGAGGCCCTTTGGAA-1",0.0212509803877766,0.423371371136413,0.0683076803510076,0,0.296092693686746,0.0641677397357903,0.126809534702266
"AAGATGGCACCGGACC-1",0.0107231967376127,0.40191522625442,0.0666474906058493,0,0.294579370107967,0.0883983516537962,0.137736364640355
"AAGATTGGCGGAACGT-1",0.0370009380994472,0.400269189622314,0.0625983261516806,0,0.283194421926969,0.0750273636755261,0.141909760524063
"AAGCACCCTGCGTATC-1",0.0214974352412429,0.400952764818141,0.0716543710310518,0,0.293517122076246,0.0725824370316558,0.139795869801662
"AAGCATACTCTCCTGA-1",0.0281788205567156,0.385050204130924,0.0717753382726629,0,0.284187057440994,0.0786607442892991,0.152147835309404
"AAGCCGAAGCGGTTTA-1",0.0227214808617852,0.412164025981001,0.0664424004987815,0.00767545567181928,0.290869364651703,0.0683020293963522,0.131825242938558
"AAGCCGCTTTACCTTG-1",0.0107471949423046,0.39638814786297,0.0548487417757145,0,0.278149602177623,0.112484932021127,0.14738138122026
"AAGCGCAGGGCTTTGA-1",0.018452775727798,0.404432920979263,0.0686357404052063,0,0.288926484137547,0.0969679909437525,0.122584087806433
"AAGCGGAGTGCGCGCA-1",0.0253668591749126,0.423252118294959,0.0633297691697035,0,0.292493411091992,0.0681194740001025,0.12743836826833
"AAGCGGCGTCATGGGT-1",0.0114442027228467,0.415351451931729,0.0617696258778208,0,0.294547580886522,0.0777208172300997,0.139166321350982
"AAGCGTCCCTCATCGA-1",0.00972169215495483,0.393233383094745,0.0805795940085128,0,0.294593795266604,0.0822153479274048,0.139656187547778
"AAGCTAGATCGAGTAA-1",0.0243676886803818,0.431218930570724,0.0573148854978994,0,0.301463942912526,0.052162285973208,0.133472266365261
"AAGCTCGTGCCAAGTC-1",0.0235608992026067,0.414781020913322,0.0687948367072509,0,0.294460804674547,0.067426406744559,0.130976031757715
"AAGCTCTTTCATGGTG-1",0.0304227064144303,0.415363914945098,0.063796306101309,0,0.29599819337085,0.0606173370800356,0.133801542088277
"AAGGAGAACTTATAAG-1",0.0445191616104191,0.335850883245045,0.0675994782286386,0.00572312937286489,0.249139047104539,0.118482069549062,0.178686230889431
"AAGGAGCGGTTGGTGC-1",0.0295673103361573,0.422588610644216,0.0591876626960162,0,0.293242034338203,0.0589862737554093,0.136428108229998
"AAGGATCGATCGCTTG-1",0.0319867766977342,0.400526902510483,0.071623591491798,0,0.284191947399957,0.0781574667951164,0.133513315104912
"AAGGATGAGGGACCTC-1",0.0328095382567604,0.401764970035226,0.0712615338991788,0,0.283704852670185,0.0740211125609532,0.136437992577697
"AAGGCAGGCTGTCTCC-1",0.0316841234125501,0.417625331859122,0.061948905943256,0,0.289138653005371,0.0716407852538241,0.127962200525876
"AAGGCGCGTAAAGCTT-1",0.0133030807000004,0.445401298515022,0.0550951057290285,0,0.302932969596185,0.0580539753441469,0.125213570115617
"AAGGCTGTGCTCATCG-1",0.0177107291506649,0.415137913216062,0.0653576956292055,0,0.292478225455254,0.075521232826973,0.133794203721841
"AAGGGACAGATTCTGT-1",0.0234560551801606,0.376863247796379,0.0698331397291513,0,0.271163228062663,0.105147698690005,0.15353663054164
"AAGGGACTATGCATTC-1",0.00530499656715052,0.388640227366048,0.0873633589322244,0,0.310666443161444,0.070891540418493,0.13713343355464
"AAGGTATCCTAATATA-1",0.0284648202752382,0.425350578278334,0.0608318830412368,0,0.295415546062063,0.0610678892772638,0.128869283065864
"AAGGTGATAAACCAGC-1",0.0282543139339006,0.416825643795417,0.0725838285981196,0,0.294434944818934,0.0644294571108289,0.1234718117428
"AAGTAAGCTTCCAAAC-1",0.0147939329736256,0.376673730857257,0.0696898717923895,0,0.275531654958209,0.113569139627673,0.149741669790846
"AAGTAGAAGACCGGGT-1",0.0203444385174125,0.433439330732894,0.0613837334753497,0,0.300532253069759,0.0553497857489536,0.128950458455631
"AAGTAGTGACGCGAGG-1",0.0103414758251779,0.409700588618722,0.0663478714477912,0,0.289965272558357,0.0933330832099532,0.130311708339998
"AAGTCAATTGTCGTCA-1",0.0269169077937122,0.413423210177473,0.0629664553219048,0,0.289873607178445,0.0727493858253203,0.134070433703145
"AAGTCTAGTAGCTGCC-1",0.0451222460872181,0.324051213046039,0.0555964847562636,0.0329259361161202,0.24109366825601,0.114251635032441,0.186958816705908
"AAGTCTTCTGTGGCCT-1",0.0382303871836698,0.356092401357841,0.0587527701749561,0.0302207582757013,0.257523618479233,0.0972594126445455,0.161920651884054
"AAGTGACGACCGAATT-1",0.0334974474040831,0.405040245634851,0.0761280688875526,0.00256245850468824,0.292699013302735,0.0651515831562342,0.124921183109856
"AAGTGAGTCGGGTTTA-1",0.0383571276836747,0.345127974840457,0.0725640938634111,0.0390280452084608,0.261323940702647,0.0944846114622612,0.149114206239088
"AAGTGCAAAGGTAGAC-1",0.0301089576960718,0.406417305334893,0.0725088487701023,0,0.291654200727021,0.0662416714813181,0.133069015990594
"AAGTGCCTTGACTGTA-1",0.0321153080335455,0.408196363213516,0.0650802910303479,0,0.28562303044719,0.074400001236088,0.134585006039313
"AAGTGCGTTAGAATCT-1",0.0325133146407741,0.370096451245371,0.0677912401980954,0.00261568926405892,0.270692053976959,0.116551659814114,0.139739590860628
"AAGTGCTTCTCTATTG-1",0.00691630775976332,0.358224831122996,0.076163778878935,0,0.292585957227117,0.102447852090738,0.16366127292045
"AAGTGTTTGGAGACGG-1",0.0363757620283179,0.411384990817246,0.0725111533962237,0,0.292753833685118,0.0612392986976181,0.125734961375476
"AAGTTCACTCCAAGCT-1",0.0227707264579639,0.419968967982836,0.064968996013738,0,0.296545267204852,0.0597947050235553,0.135951337317055
"AAGTTCAGTCTGCGTA-1",0.0163920363539182,0.401498989599938,0.0626947553006049,0,0.288447110596459,0.090138596596989,0.140828511552091
"AAGTTCGGCCAACAGG-1",0.0310414118380551,0.391850340360718,0.0823290282109003,0,0.285517103951734,0.08192712072531,0.127334994913283
"AAGTTGTGATGTTATA-1",0.0590850161413759,0.338347768152117,0.0706605940512271,0.0485526049142509,0.253011049297349,0.0895265252902769,0.140816442153403
"AAGTTTATGGGCCCAA-1",0.0355156291159273,0.393415992834935,0.0780195708075791,0,0.289873618994669,0.0701007111130415,0.133074477133847
"AATAACAACGCTCGGC-1",0.0326213796739463,0.407799362303995,0.0680894524365554,0,0.288950013597813,0.0655199253037221,0.137019866683968
"AATAACACTAGAACAA-1",0.0277266322957751,0.420204708600533,0.067587280477102,0,0.298799184734805,0.0597723544462829,0.125909839445501
"AATAAGTCCTCGAGAC-1",0.0344524844075726,0.318237894766555,0.0699666680659524,0.0159678889624826,0.245983661483084,0.121420586884609,0.193970815429745
"AATACAATGTTTCAGG-1",0.0181549306181867,0.421310105783366,0.0619451476278158,0,0.293921276389064,0.0779967992746629,0.126671740306904
"AATACCGGAGGGCTGT-1",0.0101440441535364,0.364919341318075,0.0887218867985231,0,0.303980997764142,0.0775516320242354,0.154682097941488
"AATACCTGATGTGAAC-1",0.0424317606458962,0.354025589697563,0.0722730939416705,0.0247621454414024,0.266361783847701,0.0916398310633166,0.14850579536245
"AATAGAACAGAGTGGC-1",0.030600120399822,0.382271079557732,0.0745211765239633,0,0.27739327987833,0.0828973638354294,0.152316979804723
"AATAGAATCTGTTTCA-1",0.0370158747871575,0.392886631977198,0.0733343131197088,0.00595619235208149,0.281792921200285,0.073044650148296,0.135969416415274
"AATAGCAAGCCTCCTG-1",0.0283160379722456,0.406957606289693,0.0659772549676708,0,0.286714719137048,0.0764757789683626,0.13555860266498
"AATAGCTACCGCGTGC-1",0.0293835397850984,0.375555316636438,0.0626192279861663,0,0.273830066109751,0.0911702284872275,0.167441620995319
"AATAGTCCGTCCCGAC-1",0.0354192503794517,0.391117735463683,0.0815433911873095,0.00709823741130669,0.285347679847315,0.0686263463699663,0.130847359340968
"AATAGTCGCGAGTCGG-1",0.0356825874712827,0.381743342443907,0.0658373278160468,0.00448337441032885,0.272903671244005,0.0924292886266061,0.146920407987823
"AATATCAAGGTCGGAT-1",0.0329042579292645,0.38104688042673,0.0756315824268684,0.00538844726080173,0.275376832674251,0.0828553982844059,0.146796600997678
"AATATCGAATCAATGC-1",0.0353517193956097,0.402977347808498,0.0680905662425611,0.00360637535923621,0.284916318334167,0.0687519903436388,0.136305682516288
"AATATCGAGGGTTCTC-1",0.0374575465849339,0.412999579872265,0.0709994370559021,0,0.293584934807544,0.0624324744874513,0.122526027191904
"AATATTGGAGTATTGA-1",0.0422426081903699,0.370962852795877,0.0787858864326558,0.0166058919755469,0.275171587160276,0.0780228217270065,0.138208351718268
"AATCAGACTGCAGGAC-1",0.0390367660700033,0.375959769741119,0.0628834477763099,0.0223870632144808,0.268684477056239,0.0829155467949513,0.148132929346896
"AATCAGGTTTCATTTA-1",0.0396441242540961,0.364423505912187,0.066000673166386,0.0173451104241974,0.271451780481394,0.0798141595020556,0.161320646259684
"AATCATGTAAAGACTC-1",0.0382360094495772,0.393867441444604,0.0710763135798226,0.00993056733929185,0.282778113777747,0.0686716162947353,0.135439938114222
"AATCCAAGGGCCTGAG-1",0.0229381876356928,0.414752467968297,0.0670429475413347,0,0.291661600179918,0.0675853692176501,0.136019427457108
"AATCCATGCAAGGGTG-1",0.0159878592493272,0.428990137414485,0.0596730321267165,0,0.29739955267672,0.0712247679477147,0.126724650585037
"AATCGAGGTCTCAAGG-1",0.0435179368514572,0.370644504049464,0.0645262856922736,0.0133242086105222,0.272807577461305,0.0829547965109468,0.152224690824031
"AATCGCCTCAGCGCCA-1",0.0311194257291793,0.427662772330848,0.0632198509661144,0,0.294902731133443,0.0560830239092539,0.127012195931161
"AATCGCGCAGAGGACT-1",0.0333336063204538,0.415058086712658,0.0680188904402792,0,0.294159863352128,0.0635732368079941,0.125856316366487
"AATCGGGACACTACGA-1",0.0180677870142506,0.38266780220195,0.0688002608361291,0,0.276040450682201,0.0951389371516577,0.159284762113811
"AATCGGTATAGCCCTC-1",0.0374961457832255,0.377894518910535,0.0690900887032455,0.00867702106506903,0.27704674667826,0.0784654222990254,0.15133005656064
"AATCGTGAGCCGAGCA-1",0.0276194880673805,0.400102924037898,0.0748166268305924,0,0.286342249641716,0.0769981241178879,0.134120587304525
"AATCTATGCCGGAGCC-1",0.0296614503945248,0.359880127204927,0.065138898315661,0,0.260886996132452,0.116848260968382,0.167584266984053
"AATCTCTACTGTGGTT-1",0.0523208693055845,0.40374441255141,0.0694263514265619,0.00341581521722671,0.289361136719144,0.0585513563675226,0.123180058412551
"AATCTGCGTTGGGACG-1",0.0202722275914679,0.418813049095216,0.0666106107403316,0,0.294624869099515,0.0694962496551776,0.130182993818292
"AATCTGGCTTTCTAGT-1",0.00929169056798464,0.397046690098819,0.0648367672389443,0,0.293343626613021,0.0892663280492576,0.146214897431974
"AATCTGGGTAGACCCT-1",0.0203684410269648,0.400368518080158,0.0786125089955827,0,0.284138361875452,0.0859245562887528,0.130587613733089
"AATGACAGCAATGTCT-1",0.0235926946156593,0.393330630843335,0.0749124768999851,0,0.287877692713688,0.0844339270820152,0.135852577845318
"AATGACGTAGGATGTC-1",0.045249866050482,0.404884889769234,0.0708273271665805,0,0.2847631262837,0.0600072827810924,0.13426750794891
"AATGACTGTCAGCCGG-1",0.0238052414455165,0.41383622043498,0.0697820778760119,0,0.290834686558439,0.067985310280142,0.133756463404911
"AATGAGTTCGCATATG-1",0.0398349683493259,0.414131242577037,0.0627656411014877,0,0.289091950602815,0.0636121189344418,0.130564078434893
"AATGATGATACGCTAT-1",0.0292312019031348,0.396988577292814,0.0666354949612755,0,0.280226597991571,0.0888692337720517,0.138048894079153
"AATGATGCGACTCCTG-1",0.0090139826350308,0.420314763528222,0.0620810353865613,0,0.291704247123157,0.0752702778281244,0.141615693498905
"AATGCAACCGGGTACC-1",0.0188525674598732,0.412974675064516,0.0665008601166575,0,0.289160236903,0.0707466883758214,0.141764972080132
"AATGCACCAAGCAATG-1",0.0248247208086862,0.386872349253799,0.0689871377342006,0,0.276734968497179,0.0995464390680855,0.14303438463805
"AATGGCCGCCAATGCG-1",0.03223291140912,0.397448983263144,0.0737406691832841,0.00965266813552245,0.284673548457579,0.0710740336757921,0.131177185875558
"AATGGTCCACCGTTCA-1",0.0453817546853677,0.371190489633762,0.0639311142866531,0.0211356943340412,0.268789073478637,0.0753233380097478,0.154248535571791
"AATGGTTCTCACAAGC-1",0.0275336283110027,0.421530528824041,0.0563371422273172,0,0.290616913914201,0.0709813960736355,0.133000390649803
"AATGTGCCCGAGGTGT-1",0.00420176639711786,0.413531370246802,0.0743769535124137,0,0.304467444182283,0.0721937559525881,0.131228709708795
"AATGTGCTAATCTGAG-1",0.00516970245666376,0.358919370622065,0.0803045752307881,0,0.299723442529425,0.0976779325872757,0.158204976573782
"AATGTTAAGACCCTGA-1",0.045910952315733,0.324498939121308,0.0697390831302039,0.0515114008030204,0.246533641168499,0.0954681368067848,0.166337846654451
"AATGTTGTCGTGAGAC-1",0.0331058284993944,0.389365036399599,0.0734207590083018,0.0156979901036373,0.283416957081401,0.0708827757508806,0.134110653156786
"AATTAAAGGTCGGCGT-1",0.0286505474170748,0.407444366188571,0.0689800263140505,0.00279424000701181,0.291935663168636,0.0629925754148254,0.13720258148983
"AATTAACGGATTTCCA-1",0.0286811102404054,0.416748763161692,0.0688856838133421,0.00312058636894056,0.297613704516629,0.0590403673042072,0.125909784594783
"AATTACTCGTACGCTC-1",0.0301002472089697,0.439193638013389,0.0502307454066896,0,0.299816680856334,0.0503453852894202,0.130313303225198
"AATTAGCGCTGCAGCG-1",0.0443218964878248,0.411097801261689,0.0716547116377412,0,0.292210310392375,0.0565817404001276,0.124133539820243
"AATTATACCCAGCAAG-1",0.0370326136433717,0.357151569716355,0.0738974625278142,0.0263876491722759,0.269300441119804,0.0871702195923588,0.149060044228021
"AATTCATAAGGGATCT-1",0.02799763590091,0.392621356391502,0.0612102695658778,0,0.281781764267081,0.0766212861172577,0.159767687757371
"AATTCCAACTTGGTGA-1",0.031775699220488,0.373425523904131,0.0768989659280897,0.00290566456931843,0.276664148752355,0.0917595403511983,0.146570457274419
"AATTCCAAGCATGTAC-1",0.0355801093894946,0.376979661781147,0.0684865020547667,0,0.280350882049881,0.0795718879689433,0.159030956755768
"AATTCGATTCGAGGAT-1",0.0362341191632199,0.400867034504742,0.068026267217237,0.00803339472639971,0.29151074085488,0.0620249219987288,0.133303521534792
"AATTCTAGAGTTAGGC-1",0.0270496629215789,0.419869047226892,0.0707467913738762,0,0.295027089100391,0.0606196867907593,0.126687722586503
"AATTGAACGCTCTGGT-1",0.0229842416857159,0.432985674974755,0.0665559198000825,0,0.30156234216922,0.0551558792625615,0.120755942107665
"AATTGCAGCAATCGAC-1",0.0391839058860335,0.399215885210893,0.0733076061922505,0,0.288352743210413,0.0682682772941176,0.131671582206293
"AATTGTGGTTGCCAAA-1",0.0311008988544244,0.422809180580399,0.0641815660920897,0,0.295117724736758,0.0614055175843989,0.12538511215193
"AATTTGGGACATAGTA-1",0.019903780369679,0.395302712222052,0.0717447944673507,0,0.282679701097689,0.0891052696498055,0.141263742193424
"AATTTGGTTCCAAAGA-1",0,0.410990231521353,0.0560232610737914,0,0.295192491298807,0.0845043438723426,0.153289672233707
"ACAAACCGACAAGGCG-1",0.0120346677651201,0.395582586996673,0.0649760537714891,0,0.283758349823477,0.103725337686003,0.139923003957238
"ACAAAGAAGGTAGGCC-1",0.0362298024887434,0.368395768041149,0.0751640562131824,0,0.279136046990703,0.108689992476685,0.132384333789538
"ACAAAGCATGACCTAG-1",0.0340139251404121,0.394164684380422,0.0704696206307057,0.000801828470517703,0.285322748728924,0.0733894629605392,0.141837729688479
"ACAAATCGCACCGAAT-1",0.0298367978505651,0.406729639171211,0.0656424939737644,0,0.28767507265753,0.0710274741396451,0.139088522207285
"ACAAATGGTAGTGTTT-1",0.0281257695496211,0.414357854234799,0.0623808986456864,0,0.289791295184626,0.0675908393120756,0.137753343073192
"ACAAATTCAGATCTGA-1",0.009250477519505,0.401399267645174,0.0663069316250802,0,0.287394900481398,0.0917723496108183,0.143876073118024
"ACAACAGCATGAGCTA-1",0.035016932805988,0.414604486988841,0.0670784320838096,0,0.292657297823722,0.0578018019605032,0.132841048337137
"ACAACGGTCCCTGCGA-1",0.0317396319768069,0.421342103515453,0.0672841704464393,0,0.296815566647714,0.0598453167384691,0.122973210675118
"ACAAGCAGTGCCTAGC-1",0.0362779717260451,0.392953091419073,0.0715938791792218,0.000278002324634937,0.282532008802428,0.0756196743203396,0.140745372228257
"ACAAGCTATATGGAAG-1",0.0380236597483612,0.393011386685733,0.064641790868315,0.0162682853271625,0.28062194579437,0.0702824762741005,0.137150455301958
"ACAAGGAAATCCGCCC-1",0.0529918121347187,0.41103466107588,0.0656456729052137,0,0.293741161167765,0.0574178135833306,0.119168879133092
"ACAAGGACAAGAGGTT-1",0.0317855247842086,0.412498333253739,0.061798649523731,0,0.291845542036344,0.0617807029370604,0.140291247464917
"ACAAGGATGCTTTAGG-1",0.0465545475332664,0.391239952592401,0.0733132699241472,0.00524234162037105,0.283191160749087,0.0726050525539781,0.127853675026749
"ACAAGGCCTACCAGCC-1",0.0265221380215301,0.395987591545955,0.0753835101459985,0,0.282332269155334,0.0816194678445336,0.138155023286649
"ACAAGGGCAGGCTCTG-1",0.0372811324526861,0.420111204487892,0.0642045238360604,0,0.291346016377413,0.0604772824714864,0.126579840374462
"ACAATAGTCGTACGTT-1",0.0275795521229515,0.384552638342461,0.0673460010524592,0,0.278832033272569,0.0893147219703632,0.152375053239196
"ACAATCCATTTAAACC-1",0.0324735958437132,0.40605599025041,0.0589968248900056,0,0.289069811740099,0.0696332170166138,0.143770560259158
"ACAATCGATCTTTATA-1",0.0275860310739512,0.357014847244363,0.0707885236456831,0,0.266349811989771,0.10754399170224,0.170716794343992
"ACAATGAATACGGAGA-1",0.035429262449882,0.37225453686961,0.0777861162174633,0.0103978005061065,0.278426244612567,0.0863423013712766,0.139363737973094
"ACAATGATTCTTCTAC-1",0.0429254983252126,0.362481966627319,0.0792631661921071,0.0163952327991782,0.268360185405137,0.0898401202783556,0.140733830372691
"ACAATTGTGTCTCTTT-1",0.0376184374805865,0.397503945373803,0.0664388650833118,0,0.281144317906338,0.0806110322023307,0.13668340195363
"ACAATTTAGGAGGCTC-1",0.0370211687375251,0.39766746879703,0.0706012775950571,0.00637398857048846,0.286834275996378,0.0658340950086567,0.135667725294865
"ACAATTTGAGCAGTGG-1",0.0293912722620927,0.4117774790883,0.0718984866453144,0,0.293893386934985,0.0629304629409529,0.130108912128355
"ACACAAAGACGGGTGG-1",0.0238249588007768,0.436557297942969,0.0606378696013816,0,0.299959467361319,0.0537258480985627,0.125294558194992
"ACACAAATATTCCTAG-1",0.0146260796947012,0.42789979124433,0.0570448615868782,0,0.296278374505521,0.0709505071345063,0.133200385834063
"ACACACCAGGACCAGT-1",0.0193497316766903,0.431146988342053,0.0640712546504472,0,0.297865949727086,0.0670084637293103,0.120557611874414
"ACACACTTTCTACACG-1",0.0319966928908998,0.383607789037997,0.0596361597519033,0,0.272675317039246,0.0940632090306096,0.158020832249344
"ACACATTGACGCAACA-1",0.0273909715575262,0.41798817793172,0.0594313192903918,0,0.290432945253616,0.0624346853307709,0.142321900635976
"ACACATTTCCGTAGAC-1",0.0397776884410553,0.330875286281586,0.0722661444301746,0.0368858827841099,0.255076177927984,0.100590156314227,0.164528663820863
"ACACCACATAATTAGC-1",0.0038172832874622,0.409476721890276,0.0675489546526959,0,0.290200675976613,0.0897178630744313,0.139238501118521
"ACACCCAGCATGCAGC-1",0.0154078927866638,0.418052047711578,0.0627288118018656,0,0.294603742465243,0.0738705822465976,0.135336922988052
"ACACCCGAGAAATCCG-1",0.0142254631196257,0.429598087528521,0.0596870961016538,0,0.29741018470865,0.0640385657425195,0.135040602799029
"ACACCCGTAAATCTGT-1",0.0279315986591824,0.416419750999841,0.0725858845090243,0,0.294561534110937,0.0649232830922208,0.123577948628794
"ACACCGAGCGCTCTTT-1",0.0269044743996167,0.430857353477784,0.0627585655371124,0,0.299677897792309,0.0576382812965191,0.122163427496658
