"","Inhib","Oligo","OPC","Excit","MicroOligo","Astro","EndoMural"
"AAACAAGTATCTCCCA-1",0.0236812669535607,0.407758206729881,0.0722295804320588,0,0.285909419721043,0.0807327711194947,0.129688755043962
"AAACAATCTACTAGCA-1",0.0489464050268453,0.379942811925335,0.0741332278278662,0.00953911355550574,0.275536091266151,0.0774315732304595,0.134470777167838
"AAACACCAATAACTGC-1",0.0422779859150843,0.375274817975653,0.0771642090402032,0.0313372159413627,0.280742328509034,0.0647522379505847,0.128451204668078
"AAACAGAGCGACTCCT-1",0.0304359231685864,0.411648298257257,0.0721790582487993,0,0.293519648351665,0.0646618566422714,0.12755521533142
"AAACAGCTTTCAGAAG-1",0.0362690725863396,0.403328107600467,0.0745942208731507,0.00376325932100309,0.294485274500673,0.0604581072311683,0.127101957887199
"AAACAGGGTCTATATT-1",0.0268200761228031,0.398217246947673,0.0793951429200193,0,0.288211810662929,0.078834802971053,0.128520920375522
"AAACAGTGTTCCTGGG-1",0.0388027735088978,0.36821570280299,0.0927990965533932,0,0.276274173757674,0.0698126918803693,0.154095561496675
"AAACATTTCCCGGATT-1",0.0270920311676186,0.421392932516928,0.0674442818135586,0,0.29719167719059,0.0576639997456201,0.129215077565685
"AAACCCGAACGAAATC-1",0.0140317682335037,0.392073074387176,0.0740936767723767,0,0.28818270095702,0.082413652009883,0.149205127640041
"AAACCGGAAATGTTAA-1",0.0285935851089732,0.389985550644023,0.061653226168896,0,0.279570416756625,0.0833229444965239,0.15687427682496
"AAACCGGGTAGGTACC-1",0.0336424972010808,0.3912296708348,0.0797571302070252,0.0100411263296214,0.28650281584338,0.0743981462878728,0.12442861329622
"AAACCGTTCGTCCAGG-1",0.0342164872169253,0.412255716745712,0.0666599260477233,0,0.292298144871582,0.0655560768504173,0.12901364826764
"AAACCTAAGCAGCCGG-1",0.035263645870554,0.404410051982606,0.0730984936043283,0.00260288871843733,0.290370586944298,0.0658244733636909,0.128429859516086
"AAACCTCATGAAGTTG-1",0.0327907343979043,0.415775506387434,0.074559767024539,0.000994786401687033,0.298407653422665,0.0540579489845709,0.1234136033812
"AAACGAAGAACATACC-1",0.0121801192503772,0.412557213025603,0.0695310282149425,0,0.291406686449187,0.0890012968066486,0.125323656253242
"AAACGAGACGGTTGAT-1",0.0128774196165574,0.40722390224191,0.0621050848579997,0,0.283728406050717,0.0991451530370805,0.134920034195736
"AAACGCCCGAGATCGG-1",0.0211165370252395,0.425644254686066,0.0585480366035416,0,0.294946541367955,0.061223956220518,0.13852067409668
"AAACGCTGGGCACGAC-1",0.0165653352680838,0.433523823223399,0.0633940900595792,0,0.297721951251632,0.0529525658541431,0.135842234343162
"AAACGGGCGTACGGGT-1",0.0210940881298578,0.424479127702123,0.0680774066208828,0,0.297768288210977,0.0634301269877788,0.12515096234838
"AAACGGTTGCGAACTG-1",0.0311186234645572,0.377758177866984,0.0783232212425484,0.00271397482023682,0.282463820989204,0.0786893244524518,0.148932857164018
"AAACGTGTTCGCCCTA-1",0.032500523698518,0.410215939109463,0.0628277523000785,0.000317862879272462,0.288789383107141,0.0659234887068547,0.139425050198672
"AAACTAACGTGGCGAC-1",0.0342218525469306,0.375209931988441,0.0716613789142298,0.00149907126399506,0.273838477352133,0.0988633977230585,0.144705890211212
"AAACTCGGTTCGCAAT-1",0.0325917144120424,0.397951227646639,0.0717420171640278,0,0.287562485784729,0.065526972641182,0.14462558235138
"AAACTCGTGATATAAG-1",0.0342154352536185,0.388199033796045,0.0739778142946229,0.00295526182623121,0.281957383995315,0.0800629980278601,0.138632072806307
"AAACTGCTGGCTCCAA-1",0.0268953201157073,0.405283981716758,0.073388235064525,0.00326030604287652,0.291037579621832,0.0721744298832273,0.127960147555074
"AAACTTAATTGCACGC-1",0,0.388657727177152,0.0788300686306502,0,0.305205271473115,0.0870319767338059,0.140274955985277
"AAACTTGCAAACGTAT-1",0.0333375959908409,0.400261274293128,0.0737780911385489,0.0123238032961605,0.289959973242133,0.06421316142766,0.126126100611529
"AAAGAATGACCTTAGA-1",0.0134518421075357,0.33594398789053,0.10868706909255,0,0.291277103180549,0.0977402359738519,0.152899761754983
"AAAGAATGTGGACTAA-1",0.0249576643377874,0.370848132555822,0.0792318181402271,0.00807938186470792,0.276234210610118,0.0927669902589107,0.147881802232427
"AAAGACATGAAGTTTA-1",0.0344280244771655,0.366775555444015,0.0727661409672635,0.0254830526507341,0.268572861299255,0.0882995612759279,0.143674803885639
"AAAGACCCAAGTCGCG-1",0.0344891097566171,0.391081331287768,0.0705584777659075,0.00757818420860594,0.283022480801226,0.0759546117951661,0.137315804384709
"AAAGACTGGGCGCTTT-1",0.0367527511510187,0.395712626639025,0.0759429710787398,0,0.28663756705627,0.0762908016639194,0.128663282411027
"AAAGCTTGCCTACATA-1",0.0281409248398662,0.406227226321849,0.0776380187961871,0.000681272230800392,0.289376709761292,0.0724062611505701,0.125529586899435
"AAAGGCCCTATAATAC-1",0.0207704766025004,0.381822176772781,0.0798388906318351,0,0.290094578344885,0.0776732900764179,0.149800587571581
"AAAGGCTACGGACCAT-1",0.0147301464178498,0.41507935477324,0.0773183014599381,0,0.297951154805717,0.0660470836808192,0.128873958862436
"AAAGGCTCTCGCGCCG-1",0.0322443580187804,0.405334590796567,0.0798463043107644,0.0024258600275145,0.293386989382491,0.0699562533397902,0.116805644124093
"AAAGGGATGTAGCAAG-1",0.0405409457477795,0.3629287094701,0.0690121774384877,0.00721587026593418,0.272053591994126,0.08426266751781,0.163986037565763
"AAAGGGCAGCTTGAAT-1",0.0349694453281967,0.396267858801947,0.0778555173407875,0.00113556518106437,0.289123776912926,0.0684126669202151,0.132235169514863
"AAAGGTAAGCTGTACC-1",0.0270597337327088,0.413052426207864,0.0670279540808969,0,0.29135474850677,0.0652721908327375,0.136232946639023
"AAAGTAGCATTGCTCA-1",0.0361958595735287,0.376206317395415,0.0771843827523383,0.00562520965997459,0.279942770424837,0.0728884220873835,0.151957038106522
"AAAGTCACTGATGTAA-1",0.0367378642264031,0.364986215178993,0.0803696882411332,0.0196783947201384,0.272711191385671,0.0826618400055176,0.142854806242144
"AAAGTCGACCCTCAGT-1",0.0305001184881555,0.42173918924598,0.0704774159159044,0,0.293316003750829,0.0615949974571681,0.122372275141963
"AAAGTGCCATCAATTA-1",0.0407756869762604,0.355996803992629,0.0803153329645478,0.0240607426332093,0.265221189695206,0.0916587809878488,0.141971462750299
"AAAGTGTGATTTATCT-1",0.0207694865335435,0.379998849827254,0.0687723910618278,0,0.270955233361179,0.118782805677082,0.140721233539114
"AAAGTTGACTCCCGTA-1",0.0354778767395134,0.344051105690967,0.0659279130056893,0.0054368101124824,0.256459425050216,0.114590073082584,0.178056796318548
"AAATAACCATACGGGA-1",0.0343985931257875,0.401571310456376,0.0697978623181443,0,0.28513761821465,0.0730342301439543,0.136060385741088
"AAATAAGGTAGTGCCC-1",0.0278905224004046,0.405281047409894,0.0770686249403408,0,0.290244639923848,0.0688233715095992,0.130691793815913
"AAATACCTATAAGCAT-1",0.0413270464357622,0.403756536955511,0.0704227336054658,0,0.286140491751704,0.074058332003743,0.124294859247813
"AAATAGCTTAGACTTT-1",0.00852399913130616,0.403030960358816,0.0727498063035897,0,0.291658471438452,0.0930224351432234,0.131014327624613
"AAATAGGGTGCTATTG-1",0.0417426650640062,0.375983740679493,0.0796596411530532,0.0126774888221292,0.274918561478484,0.0769406027598485,0.138077300042986
"AAATCCGATACACGCC-1",0.0348881595431166,0.372451928336137,0.0803106486299146,0.018086322925036,0.274210856143682,0.0824230963440749,0.137628988078038
"AAATCGTGTACCACAA-1",0.0406940255719659,0.381391848482092,0.0700972513980317,0.00872734435023913,0.273989563629371,0.0859159040077214,0.139184062560578
"AAATCTAGCCCTGCTA-1",0.0202710236256123,0.399819734217141,0.0815269894875877,0,0.288713827542477,0.081007380945024,0.128661044182157
"AAATGACTGATCAAAC-1",0.0500137537665623,0.348076191480224,0.0778930726855923,0.0261852193679324,0.264123683121152,0.0839726821437677,0.14973539743477
"AAATGATTCGATCAGC-1",0.0273871455721182,0.41370126877988,0.0716858107782204,0,0.29396055891055,0.0671104494397904,0.126154766519441
"AAATGCTCGTTACGTT-1",0.0394437472596121,0.356540033653751,0.0658293973993448,0,0.26632287739393,0.101475862237067,0.170388082056295
"AAATGGCATGTCTTGT-1",0.0285088806897353,0.401445048826081,0.0723723518364813,0,0.287647097751324,0.0759659695944436,0.134060651301935
"AAATGGCCCGTGCCCT-1",0.0407813548474783,0.367760618294874,0.0848285360795604,0.00766746627196808,0.273428714265646,0.0829453105984188,0.142587999642054
"AAATGGTCAATGTGCC-1",0.024451423763648,0.411776573937774,0.0754987222866281,0,0.294860075044725,0.0655497099840833,0.127863494983142
"AAATGTATCTTATCCC-1",0.0369167711790704,0.374305228958177,0.0704605700799685,0.00942942616881594,0.27403879893192,0.0883270073492979,0.14652219733275
"AAATGTGGGTGCTCCT-1",0.035803528243576,0.394547256390141,0.0782252280368569,0.00294185942310952,0.283496071494806,0.0795891758383877,0.125396880573123
"AAATTAACGGGTAGCT-1",0.0362098416777055,0.391094726546356,0.0655001864596903,0.00106041925936082,0.280707228829013,0.0808847524546007,0.144542844773274
"AAATTAATAAGCGCGA-1",0.0189437709653456,0.421437279129866,0.0668722154652903,0,0.296605390729549,0.0666486193132809,0.129492724396668
"AAATTACACGACTCTG-1",0.0322969115502434,0.380292040303937,0.0623921209308307,0.0121381097326481,0.272306568602388,0.0895057607230503,0.151068488156903
"AAATTACCTATCGATG-1",0.0275893357674023,0.391309314454933,0.0714607518395577,0,0.280081707088808,0.0829636785870091,0.146595212262289
"AAATTCCAGGTCCAAA-1",0.0188798184131177,0.376800381418893,0.0684603168763842,0,0.274717451748399,0.108841938106239,0.152300093436967
"AAATTGATAGTCCTTT-1",0.0358953091151923,0.380649320795917,0.087142259306038,0,0.28495222512325,0.0801559326096801,0.131204953049923
"AAATTGCGGCGGTTCT-1",0.0199912706606568,0.415227287669719,0.0701435345386522,0,0.294323316606623,0.0733022309232973,0.127012359601052
"AAATTGGTGAGAAGCA-1",0.0401694309295745,0.3984060086277,0.0756126102788432,0.0123335371909886,0.284908337695809,0.065127783746534,0.123442291530551
"AAATTTACCGAAATCC-1",0.027111846528059,0.393314731564122,0.0741573863608761,0,0.284211579392765,0.0884439892029702,0.132760466951208
"AAATTTGCGGGTGTGG-1",0.0302837300939549,0.405051561510934,0.0769502535989493,0,0.29026673676661,0.0716225538315559,0.125825164197996
"AACAACTGGTAGTTGC-1",0.0300077463536723,0.370027468727597,0.0791194281081084,0.00479493955569761,0.274893569968588,0.0961395977038132,0.145017249582524
"AACAATACATTGTCGA-1",0.040530175990124,0.38262217694487,0.0811915779730985,0.0194123826619734,0.284363063947062,0.0760011018891633,0.115879520593708
"AACAATTACTCTACGC-1",0.0301801599188872,0.412633703874264,0.0781315341572503,0,0.295881718958404,0.0527982668169835,0.13037461627421
"AACACACGCTCGCCGC-1",0.0332601175741913,0.387013235934472,0.080396655509465,0.000500509136174467,0.280809110104753,0.0849584274084342,0.133061944332509
"AACACGACTGTACTGA-1",0.0369247479405906,0.38951179887349,0.0706301459068383,0.0151192851258331,0.27957110986878,0.0752216035750785,0.13302130870939
"AACACGAGACGCGGCC-1",0.0349501330292453,0.417570691814866,0.070434454793153,0.0066438251357382,0.297122707162789,0.0550054887626225,0.118272699301586
"AACACGCGGCCGCGAA-1",0.0233490727370113,0.40176482293418,0.0661259252756286,0,0.285936581834955,0.0828866549028582,0.139936942315368
"AACAGCTGTGTGGCAA-1",0.0154781727692166,0.416768399991701,0.0732302474119527,0,0.302838432353109,0.0635529076915036,0.128131839782517
"AACAGGAAATCGAATA-1",0.0280092343281187,0.386547683252985,0.064308791395766,0,0.275187191373044,0.10537073220086,0.140576367449226
"AACAGGATGGGCCGCG-1",0.011234039452629,0.405058279610046,0.0771229582330158,0,0.294683739234815,0.0750859956114702,0.136814987858025
"AACAGGTAGTATGGAT-1",0.0183601560404193,0.387151383818808,0.0709460691427377,0,0.278509247900524,0.0874086608205546,0.157624482276956
"AACATAGCGTGTATCG-1",0.0347870522290431,0.382012884695633,0.0738252251906739,0,0.280953683686295,0.0885769860191994,0.139844168179156
"AACATATCAACTGGTG-1",0.0198939926479984,0.421362365022883,0.0680518536947109,0,0.293811026221407,0.0736617548549069,0.123219007558094
"AACATCGATACGTCTA-1",0.0215188512631613,0.42024325030599,0.0670010780840606,0,0.295906959661338,0.0607637150131602,0.13456614567229
"AACATTGAAGTTGATC-1",0.0261784501236172,0.339291167312013,0.0996261276536999,0,0.275673627904198,0.0913200942708951,0.167910532735576
"AACATTGTGACTCGAG-1",0.0281742327685652,0.416342422704612,0.0689163976806335,0,0.298390200189398,0.0583273437371384,0.129849402919653
"AACCAAGACTTCTCTG-1",0.0287379547457516,0.389380240514246,0.0719212110473041,0,0.284426951031563,0.0754537692343503,0.150079873426785
"AACCAGTATCACTCTT-1",0.0392261313068748,0.385995243860134,0.0819889952258847,0.0258921184553542,0.279051619293986,0.065832427046875,0.122013464810891
"AACCATAGGGTTGAAC-1",0,0.379907516699832,0.0853089040352011,0,0.320280797514431,0.0738950872576485,0.140607694492888
"AACCATGGGATCGCTA-1",0.0318148077709042,0.348001159233776,0.0713469838594861,0.0083877022867506,0.261836683332536,0.10271259052531,0.175900072991238
"AACCCAGAGACGGAGA-1",0.00743889342713782,0.398161405056378,0.0686541435327401,0,0.289486076302484,0.0999012529218821,0.136358228759378
"AACCCATCCCATGATC-1",0.0267555166033258,0.385650226611884,0.0917837537099208,0,0.291816553805595,0.0638844886588146,0.14010946061046
"AACCCGACAACCCGTG-1",0.0254560824906011,0.391581457931188,0.0790166287448289,0,0.289523484345152,0.0739713045334144,0.140451041954815
"AACCCGAGCAGAATCG-1",0.029291684269878,0.407397289376058,0.0678842843419556,0,0.290211000342352,0.0690088514045766,0.13620689026518
"AACCCGCTGTATTCCA-1",0.0244619934514259,0.391154793833282,0.0801130634079617,0,0.293202164814898,0.0676167301118018,0.143451254380631
"AACCCTACTGTCAATA-1",0.00346089639029845,0.400726263694437,0.0647737986101589,0,0.293947021961982,0.0841141781281464,0.152977841214978
"AACCCTGGTGGAACCA-1",0.0317293619896717,0.406704886720837,0.0720805047819271,0.00263654015184392,0.288128744495689,0.0735053491462308,0.1252146127138
"AACCGAGCTTGGTCAT-1",0.0383282219785339,0.348837015295723,0.0749061337615652,0,0.261289817719538,0.114773029902404,0.161865781342237
"AACCGCTAAGGGATGC-1",0.0207518688507531,0.427079587728365,0.0684010783312268,0,0.297935243864888,0.0643634392930535,0.121468781931714
"AACCGTTGTGTTTGCT-1",0.0273997653911822,0.415599607677918,0.0684530751634062,0,0.293312543403593,0.0705236855309758,0.124711322832925
"AACCTAAAGCCGTCCG-1",0.0247094487177118,0.419747968401169,0.0736470711145362,0,0.299126677966939,0.0595266303971868,0.123242203402457
"AACCTCGCTTTAGCCC-1",0.0275945834134444,0.395376093866713,0.0688036687599411,0,0.2838664973517,0.0851746820463457,0.139184474561856
"AACCTGTCACGGAATT-1",0.0201565560671431,0.397392135477346,0.0622474428527136,0,0.284466727163646,0.0834740564529714,0.15226308198618
"AACCTTTAAATACGGT-1",0.031354443213414,0.414491578089632,0.078410495856059,0,0.294076510511323,0.0580140655852324,0.123652906744339
"AACCTTTACGACGTCT-1",0.00881510183715761,0.435477200059505,0.0619886502470519,0,0.301134596258141,0.0648104227337052,0.127774028864439
"AACGAAAGTCGTCCCA-1",0.0220321274672994,0.345926171067375,0.0868691569851781,0,0.269493278669774,0.089786747928851,0.185892517881522
"AACGACCTCCTAGCCG-1",0.0158193751160093,0.414962993142978,0.0750215886515165,0,0.296627757398241,0.0661594519231939,0.131408833768061
"AACGATAATGCCGTAG-1",0.0317306694383737,0.383443379627867,0.0816552223966654,0.00912939274317585,0.284196895495394,0.0801510305216233,0.129693409776901
"AACGATAGAAGGGCCG-1",0.014131204245576,0.395918352491523,0.0683153371696169,0,0.28707025248894,0.0911712568140143,0.14339359679033
"AACGATATGTCAACTG-1",0.010507708756185,0.374859586700903,0.0704560043955075,0,0.270062022755658,0.137010395018341,0.137104282373405
"AACGCATGATCTGGGT-1",0.0279972629674976,0.401274725405854,0.0733869614409258,0,0.28735828569788,0.0735838748884045,0.136398889599438
"AACGCGAACGGCAACA-1",0.0311682291427834,0.373721761693042,0.0707555129297749,0,0.273764195890994,0.101281120343248,0.149309180000158
"AACGCGACCTTGGGCG-1",0.0520361051285449,0.373501232467118,0.085118039600564,0.0012214690375725,0.280391132344836,0.0812460525070946,0.12648596891427
"AACGCGGTCTCCAGCC-1",0.0184560916355241,0.402040350591513,0.0759164685582032,0,0.291504914536296,0.0791542864485549,0.132927888229909
"AACGCTGTTGCTGAAA-1",0.0256511245979089,0.39932421409024,0.0849851735364196,0,0.291075485966466,0.0746767911200418,0.124287210688924
"AACGGACGTACGTATA-1",0.0277063358269444,0.404184721565077,0.072967633071212,0,0.289112515808539,0.0713081645544057,0.134720629173821
"AACGGCCATCTCCGGT-1",0.0417964665282955,0.39497081972073,0.070335964456215,0.0116466254045417,0.283534333334154,0.0753325515757964,0.122383238980268
"AACGTACTGTGGGTAC-1",0.0474345423548749,0.37423125190531,0.0773768051495036,0.0217617251966568,0.273667870447797,0.0749423933553286,0.13058541159053
"AACGTAGTCTACCCAT-1",0.0417714236154608,0.374700324048635,0.0784716057377306,0.00881993592362994,0.275937667940151,0.0878416231752476,0.132457419559145
"AACGTCAGACTAGTGG-1",0.0134030982347155,0.370512021968031,0.0694329691577828,0,0.273167255067663,0.116472593813792,0.157012061758015
"AACGTCATCCGGCTTG-1",0.0441447475938299,0.374337384766637,0.0733636053344951,0.0173659929929244,0.278828440910304,0.0806113821694093,0.1313484462324
"AACGTCGCTGCACTTC-1",0.0322624580952885,0.387704124479511,0.0649287251048322,0.00345863526937147,0.279746852953449,0.0829788298297736,0.148920374267774
"AACGTGATGAAGGACA-1",0.0260261095462083,0.426994313355394,0.0698685766060049,0,0.300572004607382,0.0565924145150288,0.119946581369981
"AACGTGCGAAAGTCTC-1",0.0162629469095596,0.42172304928709,0.061277151117598,0,0.293728409756262,0.0669856410988339,0.140022801830657
"AACGTTATCAGCACCT-1",0.0388822877058848,0.373986998980051,0.0763358278835132,0.00352161478697241,0.270700356104519,0.0990207530304045,0.137552161508656
"AACGTTCTACCATTGT-1",0.0359553743794086,0.38893720317359,0.0731332052783649,0.0175350783495629,0.276366025225271,0.0760696688523398,0.132003444741463
"AACTACCCGTTTGTCA-1",0.0330761062306443,0.312548506401604,0.0614016852283533,0.0313099707456176,0.241601202062757,0.118778488118563,0.201284041212461
"AACTAGCGTATCGCAC-1",0.0215483372171988,0.395545829288829,0.0809044106297598,0,0.286047795109283,0.0803217520292412,0.135631875725689
"AACTAGGCTTGGGTGT-1",0.0275935445197937,0.436228031496607,0.0650239190324717,0,0.305970775314174,0.0452375016662783,0.119946227970676
"AACTCAAGTTAATTGC-1",0.0381047420133194,0.374057151633371,0.0859459963871228,0.0103978498733045,0.274563930768646,0.0806872187391153,0.136243110585121
"AACTCCAGAGCGTGTT-1",0.0303183890586787,0.392161406938725,0.0851817541511405,0.0137964681194657,0.283725343637762,0.0718478959055315,0.122968742188696
"AACTCCTAATCCCATG-1",0.0306445240422673,0.403237612484889,0.0791890677101737,0.000386149481096439,0.289274134289639,0.0650999087302169,0.132168603261717
"AACTCGATGGCGCAGT-1",9.13628562139865e-05,0.440471324902457,0.0556508088328444,0,0.306845605988593,0.0678216203120709,0.12911927710782
"AACTCTCAATAGAGCG-1",0.0420826929362209,0.362701248197205,0.0835602018222045,0.00146627329758241,0.265769412534955,0.0927288979827367,0.151691273229096
"AACTCTCAGTGTGCTC-1",0.0315048442440905,0.395392639901931,0.0806757640743515,0,0.287351126364403,0.0791419603082882,0.125933665106936
"AACTGAGGTCAGCGTC-1",0.0290660902960956,0.410692646106295,0.06703597473301,0,0.28838258477901,0.069759842017732,0.135062862067858
"AACTGAGTTATACTGA-1",0.0468799182285278,0.23901335097165,0.0637943685414294,0.0666846389587185,0.201971653504294,0.157920662939096,0.223735406856285
"AACTGATATTAGGCCT-1",0.0225906409569804,0.388817071096438,0.0691442454959002,0,0.281576625528787,0.0922037499763593,0.145667666945535
"AACTGGGTCCCGACGT-1",0.0199373581667479,0.389581743177117,0.0643890688422638,0,0.279839344957641,0.0874267946374835,0.158825690218747
"AACTGGGTTCGAGCCG-1",0.02726365818591,0.376504587425432,0.0647079370042316,0.0151768037475236,0.268915130975784,0.0958977560672518,0.151534126593867
"AACTGGTGTGGGCCTT-1",0.0382497620320574,0.412143993694699,0.0687317192334393,0,0.293992430653451,0.0567052869760976,0.130176807410256
"AACTTCTGCGTCTATC-1",0.0249672127610238,0.386800410760425,0.0545497850677295,0,0.274457562166786,0.0937524915334255,0.16547253771061
"AACTTGCCCGTATGCA-1",0.0257534389637835,0.403465301151002,0.0770272737617165,0,0.290906792269876,0.0728247677547265,0.130022426098896
"AACTTTACGGGAGCTT-1",0.0422683415437248,0.399052201369639,0.0782666417588228,0,0.288491960877538,0.070001065048473,0.121919789401802
"AACTTTAGCTGCTGAG-1",0.04576532747006,0.395752234495429,0.0714048207599743,0.00423838279953852,0.285931450462284,0.0691045525128468,0.127803231499867
"AACTTTCTCGATCATG-1",0.0225473831614748,0.416193069834478,0.0721568638498895,0,0.292177429617152,0.0769328530890942,0.119992400447912
"AAGAAATCACCAGATT-1",0.0352395544898873,0.392184900694392,0.0768822875783328,0.00270881296227539,0.282665276497752,0.0763175316949622,0.134001636082398
"AAGAAGGATCAGTTAG-1",0.0430546154456147,0.279098721573104,0.0773930641128369,0.0304857441735808,0.233302205703974,0.118900907878841,0.217764741112049
"AAGACATACGTGGTTT-1",0.0284664358314097,0.395849802777221,0.078378473615956,0.00507760802667661,0.28572743329189,0.069643928191516,0.13685631826533
"AAGACCAAATAACTCA-1",0.0188068693796489,0.330107980899278,0.0937186546923931,0,0.28812475355378,0.107112685882307,0.162129055592594
"AAGACCCAACTGAACA-1",0.0345034904973023,0.374996919599593,0.0794087906725362,0.0290869383695942,0.278388040907262,0.070967885366971,0.132647934586741
"AAGACTAACCCGTTGT-1",0.0416580177052334,0.385804096462457,0.0616887957308171,0,0.272616419003904,0.0880287951821632,0.150203875915425
"AAGACTCACGCCCACT-1",0.0418064578354442,0.409850555509828,0.0677822465487188,0.00130470551131579,0.295069845016508,0.0519497195953234,0.132236469982862
"AAGACTGCAAGCTACT-1",0.0178330215186565,0.399815112532788,0.07087945819989,0,0.284436269354957,0.0831237286625505,0.143912409731159
"AAGAGATGAATCGGTA-1",0.0263160613472706,0.401230619607102,0.0672166065652208,0,0.289205681562182,0.0715641395376748,0.14446689138055
"AAGAGCTCTTTATCGG-1",0.0353051778027351,0.32789792571391,0.0630638480711149,0.012314490126257,0.243626729811281,0.152851518177461,0.164940310297241
"AAGAGGATGTACGCGA-1",0.0305420520137016,0.41556076009548,0.0746110811146659,0,0.291878638813492,0.0647295752557364,0.122677892706923
"AAGAGGCATGGATCGC-1",0.0176928374617218,0.399026271080211,0.0567091972791053,0,0.280094705181812,0.0998919432285698,0.146585045768581
"AAGAGGCCCTTTGGAA-1",0.0216862239707849,0.414974929882009,0.0708268594239237,0,0.294540545263401,0.0676336639520746,0.130337777507807
"AAGATGGCACCGGACC-1",0.021748921369639,0.397203939869474,0.0723170257183004,0,0.29094915432246,0.0770678909326029,0.140713067787524
"AAGATTGGCGGAACGT-1",0.00913681164363569,0.404711769659365,0.0662928574844897,0,0.285515913309791,0.102856272746396,0.131486375156323
"AAGCACCCTGCGTATC-1",0.0170969011696473,0.406665520683658,0.0751427530473356,0,0.290457457880611,0.0794055405609755,0.131231826657773
"AAGCATACTCTCCTGA-1",0.0404461061307588,0.405326195801812,0.0791927766134844,0.00354253542197876,0.293925010367233,0.0613990328506038,0.116168342814129
"AAGCCACTTGCAGGTA-1",0,0.349926215137027,0.100688726718696,0,0.31234324250404,0.0861516185506606,0.150890197089577
"AAGCCGAAGCGGTTTA-1",0.0144719061784961,0.375774058619067,0.0646970114286499,0,0.272581883174682,0.122921555837136,0.14955358476197
"AAGCCGCCGTGAAATC-1",0.0260996153288427,0.388678166005481,0.0781602476065626,0,0.2970279547636,0.0768963728668472,0.133137643428667
"AAGCCGCTTTACCTTG-1",0.0412138330202836,0.38270670716782,0.0637680520594925,0.00336017396865244,0.275825835029834,0.0814324667103554,0.151692932043561
"AAGCCGGAGAGCAGGA-1",0.0437610470893679,0.398856021899018,0.0726472574269997,0.0084500225386476,0.283882401093824,0.065101419156847,0.127301830795297
"AAGCGCAGGGCTTTGA-1",0.0363849894649179,0.413882978130048,0.0673949510706904,0,0.295362746768457,0.0532767395254791,0.133697595040407
"AAGCGGAGTGCGCGCA-1",0.0207166287440369,0.436081935163867,0.0640877402403366,0,0.304788044508871,0.0485306014372196,0.125795049905669
"AAGCGGCGTCATGGGT-1",0.0232622416028991,0.421752096137193,0.0696550010809883,0,0.295840323288598,0.0564944945458431,0.132995843344479
"AAGCGTCCCTCATCGA-1",0.0436541580105227,0.374075748840308,0.0795491558297266,0.0254018553168015,0.278199791768052,0.0713020145262267,0.127817275708363
"AAGCTAGATCGAGTAA-1",0.0310303768924301,0.421606322540998,0.0611817222938049,0,0.297137369400766,0.0576310629007584,0.131413145971243
"AAGCTCGTGCCAAGTC-1",0.0287133266802777,0.403986772642843,0.0605654712160437,0,0.284108895471292,0.0726148498168969,0.150010684172647
"AAGCTCTTTCATGGTG-1",0.0257120983387897,0.410353781923518,0.0736752133754184,0,0.295641243886056,0.0631113949333803,0.131506267542837
"AAGGAGAACTTATAAG-1",0.0341500776400441,0.404986337227065,0.0828212604291443,0.00623803243412352,0.291063266843997,0.0574357504867141,0.123305274938912
"AAGGAGCGGTTGGTGC-1",0.0256380881751541,0.408677330397592,0.0664320715726074,0,0.29028916635854,0.0746315549413992,0.134331788554707
"AAGGATCGATCGCTTG-1",0.0261900102396916,0.399084380295859,0.0762233266134108,0,0.294392600961189,0.0652605937049966,0.138849088184853
"AAGGATGAGGGACCTC-1",0.0235236750198926,0.414091827980764,0.0580195655244689,0,0.290044012709349,0.0723986491358721,0.141922269629654
"AAGGCAGGCTGTCTCC-1",0.0261276371843208,0.377975814791787,0.0768489268415869,0,0.27637448400637,0.0944663364900893,0.148206800685846
"AAGGCGCGTAAAGCTT-1",0.0155298641855868,0.414173223877298,0.062210749972697,0,0.291731009788107,0.0774452920315473,0.138909860144764
"AAGGCTGTGCTCATCG-1",0.0372101867133426,0.397529540599945,0.08451977920173,0,0.289459457928757,0.0640434870859765,0.127237548470249
"AAGGGAACGACTGGCT-1",0.0107998909003719,0.403578501198972,0.070394599942346,0,0.299531783208602,0.0707728163945698,0.144922408355138
"AAGGGACAGATTCTGT-1",0.0332205704179322,0.391110943291371,0.0710626492689864,0,0.282835188081756,0.0806585268156116,0.141112122124343
"AAGGGACTATGCATTC-1",0.0395400063679539,0.399187432654681,0.0799731329827469,0,0.297783955741513,0.0540528480307327,0.129462624222373
"AAGGTATCCTAATATA-1",0.0343336037902949,0.369455275669098,0.0725371077714803,0,0.268864202483036,0.0950842065736669,0.159725603712424
"AAGGTGATAAACCAGC-1",0.0247419407869175,0.387558426057893,0.0697930349487122,0,0.276134547249412,0.0936493970660726,0.148122653890993
"AAGTAAGCTTCCAAAC-1",0.0346128236829958,0.380644266043687,0.079475927360236,0.00740997056498034,0.280607776955677,0.0805462924279877,0.136702942964437
"AAGTAGAAGACCGGGT-1",0.0226998472044029,0.384626622393731,0.0711864418118591,0,0.283276372069679,0.0927827240152625,0.145427992505066
"AAGTAGTGACGCGAGG-1",0.0255979005904982,0.410945104932932,0.0634234792413274,0,0.289054270045686,0.0759069419668829,0.135072303222673
"AAGTCAATTGTCGTCA-1",0.0157602986976199,0.382512014768353,0.0663827287720953,0,0.279329607545358,0.0944074772228961,0.161607872993678
"AAGTCTAGTAGCTGCC-1",0.0349822786062844,0.382997485133885,0.068493091238957,0.00924374597178936,0.276720110684367,0.0896266664496378,0.13793662191508
"AAGTCTTCTGTGGCCT-1",0.0372730007570483,0.411993685346249,0.0727518198956489,0,0.292652196527662,0.0588457237560593,0.126483573717332
"AAGTGACGACCGAATT-1",0.0353800545125324,0.398666711027664,0.0774556844638049,0,0.287244028251742,0.071138895065597,0.130114626678659
"AAGTGAGTCGGGTTTA-1",0.0316381891333972,0.393431398899317,0.0783909378138703,0,0.287237074671118,0.0693085994821366,0.139993800000161
"AAGTGCAAAGGTAGAC-1",0.0227771878167859,0.420315479115549,0.0749882433220819,0,0.296156366231223,0.0602383651673107,0.125524358347049
"AAGTGCCTTGACTGTA-1",0.0160898954562439,0.384189957028002,0.0828676430085133,0,0.284909683936554,0.0888143846459067,0.14312843592478
"AAGTGCGTTAGAATCT-1",0.0341947848814478,0.389873752409483,0.0842435978681228,0.00759924469819718,0.287422890959803,0.0694382844765983,0.127227444706347
"AAGTGCTTCTCTATTG-1",0.0208883914208203,0.378901552418415,0.092869897760655,0,0.289726789695187,0.0765126079339769,0.141100760770947
"AAGTGTTTGGAGACGG-1",0.020889299539741,0.412346951765065,0.0693454623898149,0,0.291956188867133,0.0819695662746365,0.12349253116361
"AAGTTCACTCCAAGCT-1",0.0190792893571718,0.402427021419167,0.0691815877042399,0,0.291552565251174,0.0698177754000118,0.147941760868235
"AAGTTCAGTCTGCGTA-1",0.0319482521501966,0.396803570501355,0.071314885479691,0,0.285051602288628,0.0812824517275481,0.133599237852581
"AAGTTCGGCCAACAGG-1",0.034545026191017,0.390576620293027,0.0832387116525811,0,0.284806891433743,0.0746558876337056,0.132176862795926
"AAGTTGTGATGTTATA-1",0.0343192231857549,0.394931413569264,0.0754487707210093,0,0.285150041914846,0.0842850613550373,0.125865489254089
"AAGTTTACTAATGGCA-1",0.0297817354643325,0.396999261665515,0.0747543056372841,0,0.287046019487377,0.0818063836652314,0.12961229408026
"AAGTTTATGGGCCCAA-1",0.0389465636951563,0.398032287939806,0.0716400891990692,0,0.285117339289576,0.0704465906791528,0.13581712919724
"AATAACAACGCTCGGC-1",0.0301453359869836,0.410796182074852,0.0721494904219373,0,0.293187423962757,0.0649936835489072,0.128727884004563
"AATAACACTAGAACAA-1",0.0330245560100235,0.399571733757126,0.0862959825608441,0.0152650195188274,0.293854593629173,0.0616554135271981,0.110332700996808
"AATAACGTCGCGCCCA-1",0.0283488750519361,0.404749332778394,0.0726651948255063,0,0.291010300674338,0.0696796871226004,0.133546609547226
"AATAAGTCCTCGAGAC-1",0.0288481034779858,0.367710338089121,0.0652486894043398,0.00223331694630225,0.268523697321538,0.110086004384207,0.157349850376506
"AATAATCTTCGTATCG-1",0.0339413032294277,0.364656198421316,0.0647429411119253,0,0.265777685243176,0.103741592430371,0.167140279563784
"AATACAATGTTTCAGG-1",0.0424028023101121,0.370801145943637,0.0859955096315631,0.0325596220998695,0.275734006459332,0.0673397915085583,0.125167122046928
"AATACCGGAGGGCTGT-1",0.00711412733687951,0.382836246061075,0.0833795674152246,0,0.29549248429922,0.0732223214809943,0.157955253406606
"AATACCTGATGTGAAC-1",0.0418739394683256,0.37179448409482,0.0673439488288392,0.0144360505737881,0.273844835893632,0.0796223333879011,0.151084407752695
"AATAGAACAGAGTGGC-1",0.0318799810513731,0.41312652623117,0.0682941970872892,0,0.291962338429136,0.0604074893884692,0.134329467812562
"AATAGAATCTGTTTCA-1",0.0391919012517006,0.381964379768506,0.0793233529797149,0.00386081704878534,0.280138598126314,0.0778889634608586,0.13763198736412
"AATAGCAAGCCTCCTG-1",0.0243041967707128,0.414232786142258,0.0734551568045019,0,0.292665416166199,0.0646828459279438,0.130659598188384
"AATAGCTACCGCGTGC-1",0.0267733905632592,0.381654099090467,0.0752829754407952,0.0105498170597251,0.277096977146519,0.085283849039856,0.143358891659378
"AATAGGCACGACCCTT-1",0.0281910009441561,0.299873770745551,0.0970641243371804,0.0229636630295499,0.265864586389255,0.11075194391402,0.175290910640287
"AATAGTCCGTCCCGAC-1",0.0361443259786412,0.377253536915037,0.0701548763745732,0.0177105887151759,0.276916440702469,0.0720520404084409,0.149768190905663
"AATAGTCGCGAGTCGG-1",0.0178813022915396,0.405316347542185,0.0690424499992305,0,0.288023516881496,0.0842698261161325,0.135466557169416
"AATATCAAGGTCGGAT-1",0.0404171497722597,0.366846933130859,0.075236465969301,0.0246847574911994,0.271650751900674,0.0830239393239462,0.138140002411761
"AATATCCTAGCAAACT-1",0.0426489046988189,0.373255143069989,0.078104639530492,0.00915128589819678,0.275119614468509,0.0830549709522423,0.138665441381751
"AATATCGAATCAATGC-1",0.0445296191248292,0.324324254157855,0.0637484536068543,0.0222554710563791,0.242128150550618,0.129445386673228,0.173568664830236
"AATATCGAGGGTTCTC-1",0.0545694113504861,0.373815752287668,0.0581779818239957,0.00372824555763839,0.267125884716663,0.0836161592733075,0.158966564990241
"AATATTGGAGTATTGA-1",0.0373441663937941,0.403724125563937,0.0704560904220688,0,0.288816939138231,0.0729848078457122,0.126673870636256
"AATCAGACTGCAGGAC-1",0.0279978859473535,0.390947772711514,0.0704253309468551,0,0.280823753604728,0.0764759702074196,0.15332928658213
"AATCATGTAAAGACTC-1",0.0331272343762327,0.369723106252236,0.0869135274187505,0.0160037787384921,0.276202369702747,0.0848930960095221,0.13313688750202
"AATCCAAGGGCCTGAG-1",0.0135196650123606,0.431925376855415,0.0644284476501679,0,0.296651169611714,0.0669621322579763,0.126513208612366
"AATCCATGCAAGGGTG-1",0.00147672898146201,0.424332386546596,0.0546976610493619,0,0.293129994469088,0.0847089649383756,0.141654264015116
"AATCCCGCTCAGAGCC-1",0.0243464323409724,0.37695638384433,0.0878818148688747,0,0.285025300294934,0.0983565675631906,0.127433501087699
"AATCGAGGTCTCAAGG-1",0.0371080552893559,0.375867637500038,0.0709314042773338,0.0155109292702919,0.280828388170606,0.0687251708713461,0.151028414621028
"AATCGCCTCAGCGCCA-1",0.0307378706152281,0.388978556682429,0.0799926656766411,0,0.277245771946965,0.0957279387688937,0.127317196309844
"AATCGCGCAGAGGACT-1",0.00961131007559616,0.407094443820566,0.0739978479520408,0,0.294139664267894,0.0836382535933951,0.131518480290507
"AATCGGGACACTACGA-1",0.0204468231752598,0.407514799454715,0.0752437907546165,0,0.288467543260815,0.0751845431478203,0.133142500206773
"AATCGGTATAGCCCTC-1",0.0366505376595082,0.36839309516723,0.0774829272309886,0.0120024302846867,0.276591260401591,0.082987199889378,0.145892549366617
"AATCGTGAGCCGAGCA-1",0.0295323330224777,0.396936594426926,0.0764337612522924,0,0.288179644688197,0.0757193070407546,0.133198359569352
"AATCTAGGTTTACTTG-1",0.0311618403784161,0.400270879075067,0.0759036758333682,0.0110794099154198,0.291562331973396,0.0648463321341709,0.125175530690162
"AATCTATGCCGGAGCC-1",0.0378490687071393,0.395887854981639,0.0845160975782723,0.000494217242564548,0.285690474204208,0.0736384495239623,0.121923837762214
"AATCTCTACTGTGGTT-1",0.0246016313915312,0.418925305831183,0.0824857730192792,0,0.297100100037222,0.0624730898479775,0.114414099872807
"AATCTGCGTTGGGACG-1",0.0109593454371953,0.410280334692863,0.0642683502477065,0,0.290729495108667,0.0814946425711752,0.142267831942393
"AATCTGGCTTTCTAGT-1",0.0357988347611149,0.385766696990837,0.0901939276519896,0.0204249797503773,0.286564569525931,0.0688798147660705,0.11237117655368
"AATCTGGGTAGACCCT-1",0.0305659081153306,0.420768237692773,0.0730526655506257,0,0.297789982272159,0.0523152038548539,0.125508002514257
"AATGACAGCAATGTCT-1",0.0348906152427575,0.388062438426815,0.0782729029720407,0,0.283896568823672,0.0871153400144043,0.12776213452031
"AATGACGTAGGATGTC-1",0.0415564826594736,0.383962268448094,0.0748437319507799,0.0173495301870386,0.278923875618866,0.0690830077831927,0.134281103352556
"AATGACTGTCAGCCGG-1",0.0256770352057007,0.379628614308127,0.0616484462603928,0,0.272488403782385,0.101193126617924,0.159364373825471
"AATGAGTTCGCATATG-1",0.0276521191239642,0.356225424147045,0.0627768192695125,0.00447598001344962,0.261135210631853,0.114421926484907,0.173312520329268
"AATGATGATACGCTAT-1",0.0365440689337757,0.372576362379896,0.0841610956762459,0.0191019449269004,0.277016942395752,0.0793942431946836,0.131205342492747
"AATGATGCGACTCCTG-1",0.0245445842043167,0.410454890537775,0.0599454093259323,0,0.288722091039379,0.0719178256341558,0.144415199258441
"AATGCAACCGGGTACC-1",0.0172906052344793,0.408120031415827,0.073277313439708,0,0.290745646448031,0.0739015979844446,0.13666480547751
"AATGCACCAAGCAATG-1",0.0409567325876346,0.390224803115575,0.0797582598898926,0.0132337256128369,0.283199850532077,0.0666125475681354,0.126014080693848
"AATGGTCCACCGTTCA-1",0.0314348755414226,0.409230298282296,0.0752140084411274,0.00349487833213911,0.293683418587263,0.0619835952621762,0.124958925553576
"AATGGTTCTCACAAGC-1",0,0.39955960629901,0.0764750762470832,0,0.291653108201539,0.0956546851122007,0.136657524140167
"AATGTATGGCACTGTA-1",0.0126756698029641,0.348849998140399,0.0936532296861881,0,0.305791637053853,0.0884011542398956,0.150628311076701
"AATGTGCCCGAGGTGT-1",0.0172159268004272,0.406276519549435,0.0777919760650688,0,0.293853962743745,0.0729974542822335,0.131864160559091
"AATGTTAAGACCCTGA-1",0.0433605093827219,0.37295064880312,0.0758807176197328,0.0111795855117715,0.276115704209716,0.0758931186073883,0.144619715865549
"AATGTTGTCGTGAGAC-1",0.0268216044491741,0.397766444348579,0.0690724223451988,0,0.284303422432422,0.0829016633865986,0.139134443038028
"AATTAAAGGTCGGCGT-1",0.0327142020187537,0.407996628318482,0.0770500947903256,0.00420919614905651,0.2936729283827,0.0652518995595486,0.119105050781134
"AATTAACGGATTTCCA-1",0.0369613512147325,0.405307323983554,0.0735093436815946,0,0.290266751982524,0.0660884084985619,0.127866820639033
"AATTAGCGCTGCAGCG-1",0.0308718898756869,0.415033963258444,0.0714759859390215,0,0.294090150235951,0.060252942081042,0.128275068609855
"AATTATACCCAGCAAG-1",0.0313601107979348,0.373438636301198,0.0908073313926769,0,0.277127403857903,0.0898015413439433,0.137464976306344
"AATTCATAAGGGATCT-1",0.0411591509484845,0.371964349593706,0.0896097634712183,0.0178719148512958,0.273462508016569,0.0831725683208131,0.122759744797913
"AATTCATTGTCATGCA-1",0.0311971610629817,0.353652181765482,0.0915310340823578,0,0.290586801066614,0.100600263728062,0.132432558294502
"AATTCCAAGCATGTAC-1",0.0307203255843819,0.393797862561535,0.0842924632905684,0.000580944933280857,0.287807790910469,0.0669605727589202,0.135840039960845
"AATTCGATTCGAGGAT-1",0.0443861323311533,0.385495359703903,0.0794351654250231,0.00749216974143921,0.282336942594019,0.0704628457508205,0.130391384453642
"AATTCTAGAGTTAGGC-1",0.0256390120627036,0.431111463548481,0.0636650790112635,0,0.301121445882208,0.0587012928599822,0.119761706635361
"AATTGAACGCTCTGGT-1",0.0339717598645887,0.381937195478552,0.0769839429447894,0.00833371450622416,0.279463890583749,0.0787640584648952,0.140545438157201
"AATTGCAGCAATCGAC-1",0.0214368447059563,0.419209516374636,0.0726365368936026,0,0.296181742348973,0.0663685534309337,0.124166806245898
"AATTGCGTGGATTACA-1",0,0.360252323377408,0.0949024731678681,0,0.317154792634456,0.0821762230910209,0.145514187729248
"AATTGTGGTTGCCAAA-1",0.0230304609289977,0.388475904811509,0.0781642576339908,0.003005672087146,0.28335668757316,0.0754133192102665,0.14855369775493
"AATTTGGGACATAGTA-1",0.0161787823893677,0.410791282229384,0.0705562826727003,0,0.291976544500839,0.0698881454725447,0.140608962735163
"AATTTGGTTCCAAAGA-1",0.0255880063833619,0.394216913288601,0.0860504492792585,0,0.28621822779804,0.0810224804627386,0.126903922788
"ACAAACCATGCGTCCT-1",0.0171823101341965,0.364992469214638,0.0769846948636439,0,0.280979810058883,0.0997830678454087,0.16007764788323
"ACAAACCGACAAGGCG-1",0.0183377935878085,0.429445300148812,0.0613406266994588,0,0.297282355898603,0.068356250307035,0.125237673358283
"ACAAACTCCATCAGAG-1",0.00644865905692698,0.375464280929536,0.0867743290438916,0,0.299422777165121,0.0894087843072976,0.142481169497227
"ACAAAGAAGGTAGGCC-1",0.0416498171758511,0.376807235915725,0.0756315702323575,0.0341883343561326,0.278427050470073,0.0711741449107705,0.12212184693909
"ACAAAGCATGACCTAG-1",0.0312476605550205,0.391692895634604,0.0707175659217772,0.00340001197671297,0.281515050801461,0.0801277580096263,0.141299057100799
"ACAAATCGCACCGAAT-1",0.0289548252484606,0.392763561654389,0.0741885201770359,0,0.28440598322478,0.0840999981192326,0.135587111576102
"ACAAATGGTAGTGTTT-1",0.0362820491454306,0.373309611403322,0.081266491563447,0.0104962815425567,0.273328445538123,0.0895090563510058,0.135808064456115
"ACAAATTCAGATCTGA-1",0.0334196236461145,0.401569708893858,0.0765973078579611,0.00410062346015121,0.292625586453553,0.064753992701614,0.126933156986748
"ACAACAGCATGAGCTA-1",0.0185338934061422,0.38721328098008,0.0727638140471387,0,0.280265884158393,0.0902784723816158,0.15094465502663
"ACAACGGTCCCTGCGA-1",0.0136465723445867,0.401457590647857,0.0696773350839949,0,0.286522605236744,0.0909334323118733,0.137762464374944
"ACAAGCAGTGCCTAGC-1",0.0314794780601325,0.393748299409868,0.0741433948975575,0.00737185838231895,0.283886409336323,0.0664148743993854,0.142955685514415
"ACAAGCTATATGGAAG-1",0.0258765510976857,0.417282606429719,0.0740522235739337,0.0107208326500094,0.298150945134023,0.0610989473587768,0.112817893755853
